       1  131.03    7.28    8.07    1.70    0.60
       2  131.91    6.37    7.46    3.12    0.60
       3  132.42    6.20    7.69    4.31    0.60
       4  132.00    6.76    8.48    2.61    0.60
       5  133.18    6.72    7.97    4.08    0.60
       6  134.20    6.63    7.54    4.02    0.60
       7  135.72    7.29    6.78    2.31    0.60
       8  137.20    6.78    6.04    2.30    0.60
       9  137.99    6.29    5.69    1.69    0.60
      10  138.54    6.46    6.20    1.46    0.60
      11  139.43    6.23    6.14    1.57    0.60
      12  140.11    7.39    6.43    0.73    0.60
      13  139.66    8.77    7.83    0.89    0.60
      14  139.54    8.85    8.57    0.56    0.60
      15  139.49    8.10    9.27    2.36    0.60
      16  141.67    8.56    8.49    2.99    0.60
      17  143.34    8.40    8.03    2.79    0.60
      18  144.16    8.45    7.81    3.52    0.60
      19  145.09    6.92    8.17    3.12    0.60
      20  146.02    8.43    8.50    4.34    0.60
      21  147.27    8.95    8.50    4.07    0.60
      22  149.98    9.13    7.42    2.48    0.60
      23  151.59    8.21    7.26    1.95    0.60
      24  153.04    7.34    6.80    4.26    0.60
      25  156.63    3.89    4.97    4.41    0.60
      26  158.37    2.43    4.63    4.29    0.60
      27  160.90    0.77    3.77    5.63    0.60
      28  162.29    0.38    3.95    3.29    0.60
      29  161.87    2.64    5.31    0.23    0.60
      30  164.06    3.20    4.75    4.96    0.60
      31  166.51    2.87    4.33    4.77    0.60
      32  167.45    3.75    4.93    3.49    0.60
      33  167.00    5.75    6.47    4.54    0.60
      34  168.51    6.09    6.51    2.04    0.60
      35  169.36    6.17    7.19    0.82    0.60
      36  171.41    6.39    7.16    0.92    0.60
      37  173.19    5.00    6.74    1.37    0.60
      38  175.00    4.45    6.95    2.72    0.60
      39  176.12    5.65    7.38    2.88    0.60
      40  177.41    7.11    7.91    4.21    0.60
      41  179.37    8.12    7.83    3.76    0.60
      42  182.49    8.58    7.06    3.13    0.60
      43  185.37    9.33    6.52    1.52    0.60
      44  183.71   10.10    8.49    2.98    0.60
      45  188.26    8.68    6.93    4.71    0.60
      46  191.11    6.98    6.42    3.45    0.60
      47  195.11    5.93    5.00    5.17    0.60
      48  197.46    4.63    4.77    4.70    0.60
      49  199.65    4.48    4.74    4.50    0.60
      50  201.24    5.82    5.10    3.62    0.60
      51  201.33    6.58    6.25    1.99    0.60
      52  202.53    6.13    6.65    4.36    0.60
      53  202.48    5.86    8.02    3.57    0.60
      54  202.68    8.26    9.43    3.21    0.60
      55  205.24    7.44    9.11    0.38    0.60
      56  212.03    7.30    6.39    3.57    0.60
      57  212.88    5.56    6.80    1.27    0.60
      58  213.32    6.08    7.48    3.60    0.60
      59  217.95    5.33    5.62    9.96    0.60
      60  218.63    4.61    6.33    4.52    0.50
      61  218.86    7.63    8.19    1.95    0.50
      62  224.48    6.25    6.23    1.35    0.50
      63  229.40    5.92    4.80    7.54    0.50
      64  229.57    5.76    5.96    3.21    0.50
      65  227.46    8.26    8.49    3.25    0.50
      66  234.46    7.31    5.42    4.23    0.50
      67  239.14    6.65    4.47    3.43    0.50
      68  239.53    8.59    5.33    1.63    0.50
      69  239.30   10.32    6.66    0.67    0.50
      70  233.35   13.13   11.65    2.09    0.50
      71  231.61   12.76   13.21    2.98    0.50
      72  234.16   12.32   12.92    1.76    0.50
      73  237.87   12.34   11.94    0.31    0.50
      74  241.14   13.93   11.50    0.54    0.50
      75  242.75   15.77   12.53    1.01    0.50
      76  246.59   18.02   11.31    3.06    0.50
      77  248.60   17.42   11.28    2.63    0.50
      78  248.26   16.32   12.14    2.57    0.50
      79  248.75   16.28   13.54    2.40    0.50
      80  246.91   15.67   15.14    4.68    0.50
      81  251.15   15.75   14.54    2.91    0.50
      82  253.46   13.63   13.97    4.14    0.50
      83  256.60   14.35   13.52    2.90    0.50
      84  257.96   14.03   13.59    5.67    0.50
      85  259.48   14.41   13.76    5.86    0.50
      86  265.74   13.51   11.89    3.71    0.50
      87  265.13   14.01   13.43    4.14    0.50
      88  265.48   14.86   13.43    3.61    0.50
      89  269.78   14.69   12.91    1.82    0.50
      90  271.79   19.11   13.09    2.12    0.50
      91  273.05   16.40   12.75    2.88    0.50
      92  274.95   12.73   12.92    4.20    0.50
      93  275.54   13.18   13.69    3.13    0.50
      94  278.54   12.92   13.01    0.87    0.50
      95  281.86   15.60   12.12    0.65    0.50
      96  284.57   17.65   12.10    2.30    0.50
      97  282.88   16.28   12.69    1.89    0.50
      98  290.65   15.19   10.78    4.58    0.50
      99  303.01   11.90    6.29    6.79    0.50
     100  305.03   11.52    6.22    4.04    0.50
     101  303.74   12.97    7.44    3.31    0.50
     102  303.13   14.71    8.72    3.90    0.50
     103  302.09   15.91    9.69    1.73    0.50
     104  300.55   13.29   10.94    5.51    0.50
     105  305.61   11.61    9.49    6.66    0.50
     106  306.18   11.42    9.75    5.83    0.50
     107  302.48   14.19   12.45    4.23    0.50
     108  304.31   15.11   12.16    4.46    0.50
     109  307.16   13.83   11.82    3.84    0.50
     110  308.61   13.73   11.92    3.90    0.50
     111  309.61   15.05   12.29    2.27    0.50
     112  308.30   15.24   13.52    3.42    0.50
     113  312.27   13.26   12.50    3.00    0.50
     114  313.55   14.25   12.30    3.21    0.50
     115  318.79   14.74   10.99    2.75    0.50
     116  320.16   16.84   11.33    2.70    0.50
     117  320.62   19.06   12.06    2.61    0.50
     118  324.90   19.69   10.88    1.63    0.50
     119  325.35   20.86   10.99    1.40    0.50
     120  318.01   18.88   14.28    3.07    0.50
     121  321.75   17.64   13.30    2.41    0.45
     122  319.82   16.96   14.79    2.13    0.45
     123  325.64   17.30   13.08    3.52    0.45
     124  329.32   19.32   12.80    4.23    0.45
     125  329.64   20.46   12.50    4.95    0.45
     126  331.32   21.44   12.35    1.46    0.45
     127  324.98   20.54   15.18    2.30    0.45
     128  329.03   17.60   14.42    3.25    0.45
     129  330.57   18.24   13.95    2.54    0.45
     130  328.51   17.83   15.42    2.58    0.45
     131  327.27   16.85   15.59    2.11    0.45
     132  328.10   17.25   15.79    2.17    0.45
     133  335.66   15.68   13.39    4.16    0.45
     134  340.80   15.62   12.00    2.45    0.45
     135  339.26   16.46   12.96    3.59    0.45
     136  340.63   13.84   12.16    3.80    0.45
     137  343.23   16.33   11.81    4.54    0.45
     138  345.04   18.81   12.04    1.96    0.45
     139  347.54   21.67   11.61    1.90    0.45
     140  346.64   21.11   12.63    3.91    0.45
     141  342.97   19.28   13.79    5.04    0.45
     142  350.53   16.97   10.78    6.69    0.45
     143  351.92   18.91   11.36    3.22    0.45
     144  350.17   23.20   13.15    1.23    0.45
     145  345.64   23.29   14.30    1.58    0.45
     146  348.43   23.98   13.88    2.69    0.45
     147  340.08   21.96   17.95    1.75    0.45
     148  341.71   23.19   17.18    3.00    0.45
     149  344.23   22.02   17.23    0.31    0.45
     150  340.93   21.92   18.28    1.99    0.45
     151  338.16   23.38   19.84    1.20    0.45
     152  340.34   25.17   19.25    2.06    0.40
     153  345.52   24.73   17.46    1.32    0.40
     154  352.05   24.17   15.26    4.12    0.40
     155  351.55   23.97   15.52    2.70    0.40
     156  355.02   26.91   14.98    1.99    0.40
     157  354.12   28.27   15.78    2.02    0.40
     158  350.15   27.82   17.02    1.92    0.40
     159  351.43   28.73   16.70    2.78    0.40
     160  347.68   27.35   17.36    1.94    0.40
     161  344.42   26.64   18.30    2.01    0.40
     162  343.10   23.01   17.20    3.70    0.40
     163  347.88   19.51   16.54    3.88    0.40
     164  348.29   18.30   16.25    4.68    0.40
     165  349.67   20.27   16.16    3.85    0.40
     166  351.18   22.49   16.24    3.67    0.40
     167  350.82   26.96   17.61    1.91    0.40
     168  352.39   28.94   17.10    1.10    0.40
     169  353.42   28.94   17.87    1.05    0.40
     170  353.16   29.27   17.33    2.69    0.40
     171  347.81   29.85   19.69    1.64    0.40
     172  353.72   30.62   17.48    0.69    0.40
     173  351.01   29.85   17.59    3.54    0.40
     174  340.41   25.57   19.48    3.25    0.40
     175  344.64   23.34   18.70    4.04    0.40
     176  350.32   21.67   16.67    4.31    0.40
     177  348.15   22.09   16.64    3.01    0.40
     178  349.91   20.29   16.08    3.24    0.40
     179  348.16   20.05   16.52    3.51    0.40
     180  348.08   21.23   16.77    5.12    0.40
     181  349.16   21.56   16.40    5.44    0.40
     182  354.59   25.30   15.29    2.73    0.20
     183  352.56   28.15   16.64    2.24    0.20
     184  345.36   27.25   18.49    2.62    0.20
     185  346.32   24.79   18.42    4.83    0.20
     186  352.13   25.99   15.92    4.08    0.20
     187  344.50   26.84   19.15    3.10    0.20
     188  342.20   26.97   19.18    2.47    0.20
     189  339.16   27.49   19.90    3.32    0.20
     190  333.70   27.71   21.92    3.74    0.20
     191  333.42   27.54   22.62    2.35    0.20
     192  333.74   28.34   22.24    2.52    0.20
     193  337.93   28.46   21.26    2.55    0.20
     194  330.45   25.72   21.98    2.95    0.20
     195  335.62   25.26   19.27    2.74    0.20
     196  342.74   25.75   16.46    2.83    0.20
     197  341.37   23.69   17.05    3.86    0.20
     198  340.33   21.48   17.52    4.79    0.20
     199  341.29   22.47   16.85    5.29    0.20
     200  343.51   27.97   16.51    1.49    0.20
     201  348.08   29.57   16.18    1.30    0.20
     202  346.17   28.33   15.31    3.98    0.20
     203  331.34   24.17   19.56    4.72    0.20
     204  331.51   23.83   19.14    4.73    0.20
     205  329.31   21.74   19.44    5.28    0.20
     206  328.16   21.59   19.36    4.89    0.20
     207  326.20   22.06   20.23    3.05    0.20
     208  324.77   22.07   20.31    5.07    0.20
     209  329.01   21.05   18.36    3.00    0.20
     210  334.26   21.42   15.79    5.67    0.20
     211  338.13   22.55   14.27    4.41    0.20
     212  336.20   24.72   14.91    2.74    0.20
     213  331.17   24.47   16.32    2.69    0.20
     214  335.03   27.16   14.95    5.57    0.20
     215  332.93   27.82   13.78    2.56    0.20
     216  332.10   29.42   15.13    2.54    0.20
     217  331.55   29.79   15.90    1.80    0.20
     218  326.79   30.51   17.78    0.96    0.20
     219  322.31   30.31   18.40    1.72    0.20
     220  310.33   25.59   20.42    3.10    0.20
     221  313.37   21.03   19.28    3.81    0.20
     222  311.73   21.46   19.32    2.71    0.20
     223  310.10   22.48   19.63    2.27    0.20
     224  307.67   26.47   20.14    1.50    0.20
     225  311.07   28.37   19.57    0.56    0.20
     226  308.70   28.92   20.29    1.08    0.20
     227  311.58   28.56   18.91    2.66    0.20
     228  299.59   26.09   22.30    2.79    0.20
     229  299.55   23.88   21.69    2.67    0.20
     230  302.55   25.84   19.95    2.73    0.20
     231  309.76   26.62   17.22    1.01    0.20
     232  310.95   26.79   14.94    3.04    0.20
     233  317.67   25.91   12.26    6.05    0.20
     234  316.70   25.06   12.04    4.26    0.20
     235  316.97   26.46   10.98    3.05    0.20
     236  309.47   27.12   13.44    1.63    0.20
     237  301.97   24.57   16.27    3.31    0.20
     238  292.45   22.14   19.36    3.36    0.20
     239  298.42   23.26   16.67    4.10    0.20
     240  287.71   24.49   20.38    2.67    0.20
     241  287.71   26.46   19.68    2.24    0.20
     242  283.67   27.25   20.62    1.38    0.20
     243  282.14   23.29   20.51    2.71    0.20
     244  287.19   22.32   17.45    2.42    0.40
     245  286.94   24.97   17.68    1.26    0.40
     246  286.02   27.05   17.19    1.04    0.40
     247  292.21   27.40   13.86    2.53    0.40
     248  283.62   23.16   16.16    4.66    0.40
     249  275.54   19.36   17.94    4.51    0.40
     250  275.44   20.87   17.72    3.39    0.40
     251  278.71   21.92   14.71    2.06    0.40
     252  272.54   19.56   16.96    3.60    0.40
     253  273.89   18.88   15.93    4.14    0.40
     254  272.08   18.49   15.80    4.30    0.40
     255  270.90   20.46   15.68    3.51    0.40
     256  274.60   22.22   13.21    2.95    0.40
     257  267.90   23.39   14.65    3.23    0.40
     258  266.94   24.29   15.59    0.38    0.40
     259  255.55   22.34   20.34    2.61    0.40
     260  259.51   21.22   16.75    2.95    0.40
     261  275.52   19.86    8.02    5.77    0.40
     262  273.70   19.46    7.99    3.59    0.40
     263  271.45   20.91    7.53    1.18    0.40
     264  267.50   22.29    8.43    0.17    0.40
     265  264.91   22.40    9.12    0.42    0.40
     266  259.18   22.00   11.33    1.85    0.40
     267  245.08   18.84   17.23    3.22    0.40
     268  245.59   18.82   15.66    4.84    0.40
     269  247.33   21.70   13.32    4.86    0.40
     270  243.03   20.95   14.79    2.22    0.40
     271  245.68   21.27   13.22    1.94    0.40
     272  240.06   22.61   14.39    1.80    0.40
     273  239.66   23.11   13.43    1.61    0.40
     274  238.34   23.06   13.67    0.44    0.40
     275  237.62   22.39   12.47    5.89    0.40
     276  239.36   20.54   10.73    5.40    0.40
     277  238.58   18.98    9.00    3.69    0.40
     278  234.93   19.27    9.86    1.71    0.40
     279  234.42   20.32    8.78    0.50    0.40
     280  226.39   19.84   12.66    2.16    0.40
     281  221.94   21.13   14.20    0.66    0.40
     282  220.34   18.18   13.57    1.85    0.40
     283  214.10   18.55   16.35    3.17    0.40
     284  208.26   18.81   19.38    2.79    0.40
     285  209.65   15.97   17.28    1.77    0.40
     286  215.79   14.13   11.81    5.33    0.40
     287  213.31   13.48   12.22    1.14    0.40
     288  208.32   15.34   13.44    0.64    0.40
     289  205.57   17.60   14.07    0.84    0.40
     290  200.94   16.75   16.67    1.38    0.40
     291  201.36   15.18   14.92    0.28    0.40
     292  201.90   15.93   12.93    1.16    0.40
     293  195.53   14.54   15.91    2.83    0.40
     294  194.88   14.92   15.23    2.47    0.40
     295  189.98   16.06   17.41    2.75    0.40
     296  191.31   14.00   14.59    1.64    0.40
     297  191.29   15.72   13.58    1.39    0.40
     298  189.14   16.75   14.21    0.81    0.40
     299  185.37   16.90   14.47    4.26    0.40
     300  180.37   16.96   17.00    6.95    0.40
     301  178.55   16.55   17.68    3.88    0.40
     302  176.95   16.09   17.14    4.24    0.40
     303  174.16   16.22   18.16    4.45    0.40
     304  175.72   14.06   15.45    1.39    0.40
     305  175.18   14.23   14.24    2.08    0.45
     306  174.99   15.10   13.19    1.58    0.45
     307  171.99   14.25   14.45    0.85    0.45
     308  172.66   12.46   12.07    3.50    0.45
     309  173.93   11.05    9.74    3.86    0.45
     310  173.07   11.15    9.10    3.23    0.45
     311  172.28   11.52    8.50    2.90    0.45
     312  168.09   12.26   10.75    1.23    0.45
     313  165.65   11.71   11.04    4.37    0.45
     314  165.58   10.22    9.64    4.25    0.45
     315  164.11   10.46    9.48    4.54    0.45
     316  161.91   10.72   10.12    2.18    0.45
     317  160.94    8.51    9.58    5.60    0.45
     318  159.23    8.51    9.58    4.04    0.45
     319  158.03    7.53    9.49    0.43    0.45
     320  156.14    7.83    9.61    1.02    0.45
     321  154.77    8.48    9.88    0.62    0.45
     322  152.11   10.54   10.76    1.89    0.45
     323  147.39   12.34   13.63    7.94    0.45
     324  147.77   13.27   11.89    4.15    0.45
     325  145.94   13.20   12.55    2.60    0.45
     326  144.55   12.03   13.03    3.23    0.45
     327  144.34   11.06   11.84    3.00    0.45
     328  147.64    8.18    7.69    4.33    0.45
     329  146.03    6.73    8.10    2.37    0.45
     330  144.20    6.59    8.51    3.19    0.45
     331  144.18    4.71    7.90    1.62    0.45
     332  141.95    6.30    8.88    1.24    0.45
     333  140.54    7.19    8.98    3.62    0.45
     334  142.11    5.78    6.79    2.49    0.45
     335  139.24    7.55    8.58    4.73    0.50
     336  132.79   13.26   14.25    6.68    0.50
     337  132.82   11.25   13.26    2.26    0.50
     338  132.05   11.19   13.25    3.28    0.50
     339  131.97   11.26   12.74    0.72    0.50
     340  135.08    6.23    8.41    2.22    0.50
     341  134.83    6.14    8.08    3.67    0.50
     342  133.84    6.95    8.35    3.42    0.50
     343  132.25    8.94    9.35    4.58    0.50
     344  133.51    8.36    7.35    5.02    0.50
     345  133.46    5.81    6.85    4.46    0.50
     346  133.92    4.60    5.79    3.62    0.50
     347  133.14    3.99    6.16    4.66    0.50
     348  132.54    4.17    6.30    5.15    0.50
     349  132.26    4.08    6.23    4.52    0.50
     350  131.48    4.38    6.53    3.45    0.50
     351  131.94    4.73    6.00    2.33    0.50
     352  130.53    5.47    7.19    3.66    0.50
     353  129.44    5.71    7.96    3.63    0.50
     354  129.51    5.22    7.84    5.14    0.50
     355  129.30    6.28    7.87    5.25    0.50
     356  129.45    7.08    7.83    4.21    0.50
     357  128.68    6.97    8.41    2.88    0.50
     358  126.53    8.97   10.89    1.66    0.50
     359  126.50    8.65   10.89    2.45    0.50
     360  125.07   11.06   12.82    2.54    0.50
     361  126.81    9.34   11.23    2.35    0.50
     362  128.70    5.93    8.92    1.18    0.50
     363  130.11    5.72    7.88    1.27    0.50
     364  126.28   10.85   12.77    1.57    0.50
     365  126.75   10.14   12.20    2.32    0.50
     366  128.41    9.92   10.97    4.22    0.60
     367  130.74    6.60    8.76    2.42    0.60
     368  132.21    5.72    7.75    3.36    0.60
     369  133.67    5.31    6.79    3.21    0.60
     370  134.11    5.67    7.03    0.38    0.60
     371  132.36    7.20    9.29    2.03    0.60
     372  134.67    3.48    7.40    2.12    0.60
     373  135.96    3.54    7.06    2.75    0.60
     374  136.58    4.56    7.24    2.75    0.60
     375  137.05    4.40    7.28    4.36    0.60
     376  137.59    5.52    7.71    3.26    0.60
     377  138.31    6.26    7.85    3.70    0.60
     378  138.15    7.06    8.63    0.89    0.60
     379  138.41    7.67    9.59    0.51    0.60
     380  140.12    5.66    8.58    3.09    0.60
     381  141.14    6.20    8.71    2.59    0.60
     382  143.08    4.49    7.87    3.78    0.60
     383  143.66    5.86    8.35    2.71    0.60
     384  145.09    6.41    8.30    3.63    0.60
     385  145.99    8.30    8.61    2.24    0.60
     386  146.47    8.74    9.23    0.57    0.60
     387  147.89    8.68    9.25    1.13    0.60
     388  149.12    8.09    8.96    1.58    0.60
     389  150.83    8.06    8.45    2.59    0.60
     390  153.28    9.98    7.68    4.30    0.60
     391  152.59    8.13    9.33    2.95    0.60
     392  155.80    7.48    7.49    6.05    0.60
     393  160.84    3.66    5.09    4.14    0.60
     394  160.02    1.87    6.44    1.45    0.60
     395  162.43    4.20    5.72    5.15    0.60
     396  163.97    5.15    6.13    1.15    0.60
     397  164.00    6.94    7.65    1.00    0.60
     398  163.35    7.97    9.36    2.08    0.60
     399  163.68    8.90   10.74    0.52    0.60
     400  168.17    6.91    8.05    0.61    0.60
     401  171.43    5.39    6.85    4.25    0.60
     402  172.45    5.91    7.54    2.60    0.60
     403  174.01    7.75    7.71    2.28    0.60
     404  176.23    8.52    7.35    1.65    0.60
     405  177.44    9.32    7.76    1.83    0.60
     406  174.39   12.37   11.42    1.91    0.60
     407  177.76   11.96   10.47    2.46    0.60
     408  180.54   11.12    9.69    1.98    0.60
     409  183.41   10.19    8.99    0.58    0.60
     410  186.17   11.38    8.05    1.59    0.60
     411  187.73    9.95    8.25    1.64    0.60
     412  185.68    9.77   11.46    3.49    0.60
     413  189.02    8.92   10.62    2.77    0.60
     414  188.93   11.13   11.82    6.66    0.60
     415  194.98    8.94    8.99    6.82    0.60
     416  197.79    7.03    8.33    4.71    0.60
     417  200.76    6.97    7.80    4.01    0.60
     418  204.96    5.91    6.60    4.60    0.60
     419  208.11    5.02    6.05    0.02    0.60
     420  210.45    5.19    5.67    2.97    0.60
     421  206.95    5.99    9.01    3.99    0.60
     422  210.05    8.15    8.53    6.99    0.60
     423  214.48    6.98    7.51    0.88    0.60
     424  217.79    8.27    6.48    4.42    0.60
     425  222.14    7.31    5.57    3.95    0.50
     426  220.96    7.80    6.67    1.89    0.50
     427  217.38    9.35   10.66    3.82    0.50
     428  216.25   11.48   12.63    7.52    0.50
     429  226.58    8.27    7.60    7.08    0.50
     430  227.33    7.85    8.38    1.78    0.50
     431  225.23    9.54   10.68    0.61    0.50
     432  226.84   11.78   11.54    1.47    0.50
     433  228.82   10.38   11.22    3.07    0.50
     434  234.64    9.52    9.55    3.57    0.50
     435  233.03   11.72   11.36    3.74    0.50
     436  236.51   15.02   11.18    2.55    0.50
     437  241.94   15.25    9.25    2.75    0.50
     438  241.41   14.57   10.67    0.58    0.50
     439  241.05   13.66   11.64    2.63    0.50
     440  242.83   10.86   11.81    2.61    0.50
     441  243.35   10.59   12.42    5.72    0.50
     442  244.32   12.44   13.27    5.45    0.50
     443  248.30   11.52   12.16    5.21    0.50
     444  250.89   10.52   11.89    3.65    0.50
     445  254.23    9.75   11.20    1.81    0.50
     446  256.81   11.32   11.09    3.37    0.50
     447  253.39   14.56   13.98    8.13    0.50
     448  254.32   15.66   14.60    5.93    0.50
     449  256.88   14.32   14.17    2.48    0.50
     450  261.54   16.04   12.89    3.92    0.50
     451  261.10   15.33   13.89    2.08    0.50
     452  268.84   12.72   11.11    1.71    0.50
     453  273.30   12.91   10.06    1.04    0.50
     454  273.26   16.65   11.34    1.00    0.50
     455  273.92   16.52   11.42    1.76    0.50
     456  274.56   15.73   12.32    2.38    0.50
     457  279.33   16.62   11.00    2.91    0.50
     458  281.13   20.59   11.53    1.11    0.50
     459  276.76   16.11   13.76    4.90    0.50
     460  277.74   13.88   14.11    5.69    0.50
     461  281.19   13.54   13.67    5.48    0.50
     462  284.38   14.37   13.05    1.85    0.50
     463  289.39   15.72   11.57    0.92    0.50
     464  292.88   15.33   10.81    2.11    0.50
     465  292.98   15.69   11.55    1.00    0.50
     466  292.80   15.93   12.37    1.30    0.50
     467  292.46   16.78   14.59    2.19    0.50
     468  298.70   17.76   12.14    1.26    0.50
     469  293.57   15.06   13.86    4.52    0.50
     470  295.99   15.28   13.93    3.12    0.50
     471  301.44   13.61   11.84    3.23    0.50
     472  305.37   14.36   11.33    5.59    0.50
     473  308.35   15.53   10.70    2.66    0.50
     474  310.32   15.61   10.56    4.16    0.50
     475  304.91   15.42   13.42    4.93    0.50
     476  308.03   15.07   12.51    3.77    0.50
     477  309.93   11.41   11.96    4.00    0.50
     478  313.61   14.27   11.75    2.12    0.50
     479  312.76   19.55   13.27    5.18    0.50
     480  314.65   21.65   12.89    3.49    0.50
     481  309.23   21.43   15.51    1.43    0.50
     482  311.30   21.78   15.20    3.06    0.50
     483  319.21   19.89   12.55    5.41    0.50
     484  323.26   19.15   10.75    2.93    0.50
     485  325.51   19.65   10.77    0.83    0.50
     486  326.71   19.84   12.01    1.28    0.45
     487  328.63   20.13   11.35    1.32    0.45
     488  323.08   16.78   12.89    5.57    0.45
     489  327.04   15.85   12.45    6.07    0.45
     490  328.90   16.35   12.54    4.35    0.45
     491  333.37   16.97   11.73    3.21    0.45
     492  336.39   16.04   10.67    4.31    0.45
     493  337.21   15.63   10.92    2.71    0.45
     494  341.22   19.08   10.32    1.51    0.45
     495  340.41   22.16   11.03    0.85    0.45
     496  334.09   20.83   13.67    2.77    0.45
     497  332.83   18.66   14.77    2.20    0.45
     498  341.67   21.28   11.92    1.89    0.45
     499  345.38   22.38   11.09    1.95    0.45
     500  343.62   22.86   11.84    1.93    0.45
     501  336.92   25.41   15.24    0.98    0.45
     502  332.72   25.13   17.41    3.12    0.45
     503  339.09   21.58   14.68    5.77    0.45
     504  347.73   19.68   11.48    5.84    0.45
     505  347.07   20.40   12.26    3.39    0.45
     506  342.83   19.67   13.94    3.69    0.45
     507  346.23   17.57   12.81    4.00    0.45
     508  351.34   16.87   11.11    5.83    0.45
     509  355.59   19.51   10.60    3.79    0.45
     510  352.81   22.42   11.86    2.18    0.45
     511  343.90   22.78   15.30    3.52    0.45
     512  341.48   24.93   16.38    3.17    0.45
     513  336.78   27.54   19.19    2.07    0.45
     514  337.53   27.29   19.71    2.23    0.45
     515  335.36   21.65   20.16    5.51    0.45
     516  340.45   19.37   18.28    2.10    0.45
     517  340.21   20.47   18.17    2.56    0.40
     518  349.77   23.08   14.75    0.77    0.40
     519  354.31   24.44   13.66    3.04    0.40
     520  354.86   23.93   14.10    1.16    0.40
     521  360.61   25.63   13.15    1.67    0.40
     522  357.41   25.93   13.32    3.58    0.40
     523  343.52   24.20   16.98    3.41    0.40
     524  342.86   23.59   18.08    2.32    0.40
     525  344.45   20.57   17.64    3.21    0.40
     526  345.12   21.18   17.72    2.16    0.40
     527  345.95   24.94   18.23    1.68    0.40
     528  347.01   24.74   18.38    2.15    0.40
     529  339.90   22.95   20.53    2.34    0.40
     530  340.40   21.32   20.05    3.10    0.40
     531  343.34   20.79   18.22    4.37    0.40
     532  342.74   19.77   18.66    2.16    0.40
     533  343.25   18.50   18.43    2.62    0.40
     534  344.46   20.81   18.57    1.34    0.40
     535  343.81   24.14   19.37    3.36    0.40
     536  345.46   21.92   18.69    3.61    0.40
     537  347.94   25.17   18.28    1.59    0.40
     538  347.16   27.78   18.27    1.55    0.40
     539  345.28   26.92   19.40    2.60    0.40
     540  347.97   21.12   17.56    5.70    0.40
     541  348.93   20.43   16.73    5.24    0.40
     542  353.37   19.48   15.27    4.53    0.40
     543  350.00   19.61   16.31    2.68    0.40
     544  350.46   20.81   15.99    4.09    0.40
     545  347.95   21.02   16.90    2.57    0.40
     546  343.95   22.34   17.78    2.72    0.40
     547  342.97   21.97   18.61    2.67    0.20
     548  346.01   21.21   17.51    3.37    0.20
     549  345.64   21.30   16.89    3.02    0.20
     550  345.26   20.73   17.25    3.77    0.20
     551  346.04   21.62   17.15    5.48    0.20
     552  347.27   24.69   17.09    2.98    0.20
     553  350.79   28.06   16.03    1.71    0.20
     554  347.97   27.50   17.93    1.69    0.20
     555  347.89   29.90   17.55    0.69    0.20
     556  346.33   30.60   18.34    1.89    0.20
     557  347.42   32.49   18.22    3.06    0.20
     558  352.56   32.25   16.84    3.16    0.20
     559  346.95   31.13   17.90    0.60    0.20
     560  338.14   30.17   20.15    1.40    0.20
     561  332.90   30.59   21.53    0.37    0.20
     562  334.03   31.20   22.12    2.43    0.20
     563  331.36   31.03   21.94    3.05    0.20
     564  333.71   27.67   21.22    1.10    0.20
     565  327.78   23.16   21.46    3.44    0.20
     566  331.57   24.72   20.29    2.47    0.20
     567  335.57   25.94   18.71    3.24    0.20
     568  339.82   25.21   17.42    4.05    0.20
     569  329.98   25.89   20.64    3.62    0.20
     570  332.17   23.47   18.85    3.95    0.20
     571  334.55   24.07   18.05    3.62    0.20
     572  332.43   24.14   18.60    3.60    0.20
     573  331.44   22.97   18.39    5.21    0.20
     574  330.54   23.35   18.72    3.90    0.20
     575  331.51   26.11   18.28    3.61    0.20
     576  324.41   26.23   20.66    3.78    0.20
     577  324.62   25.03   20.04    4.92    0.20
     578  325.59   25.24   19.04    4.84    0.20
     579  320.16   25.95   21.46    2.96    0.20
     580  317.98   26.40   21.60    4.47    0.20
     581  319.75   28.52   18.89    1.90    0.20
     582  312.87   28.67   21.35    0.80    0.20
     583  325.42   29.83   16.03    1.63    0.20
     584  315.86   28.93   21.27    2.12    0.20
     585  314.55   28.70   20.91    1.03    0.20
     586  317.72   28.78   18.52    0.63    0.20
     587  313.22   28.53   20.93    0.58    0.20
     588  316.25   29.56   17.91    2.44    0.20
     589  317.39   28.79   18.41    3.21    0.20
     590  313.29   26.33   17.32    2.27    0.20
     591  305.99   23.12   19.85    3.64    0.20
     592  311.47   20.98   17.18    4.76    0.20
     593  308.77   19.03   17.38    4.80    0.20
     594  305.80   20.11   17.97    4.09    0.20
     595  306.41   18.88   16.90    2.95    0.20
     596  309.32   19.88   15.73    3.33    0.20
     597  309.28   23.96   15.30    3.71    0.20
     598  307.57   26.91   15.42    1.81    0.20
     599  299.78   27.59   19.58    0.67    0.20
     600  302.50   26.53   17.13    2.77    0.20
     601  298.40   25.33   18.46    3.93    0.20
     602  298.59   26.29   17.05    4.79    0.20
     603  294.84   26.03   18.51    4.73    0.20
     604  296.57   26.92   17.31    3.43    0.20
     605  291.34   27.45   19.66    2.92    0.20
     606  292.16   28.54   18.56    3.18    0.20
     607  296.64   29.67   15.16    2.59    0.20
     608  287.57   27.89   19.09    0.92    0.20
     609  286.49   27.78   18.82    0.94    0.40
     610  296.54   29.05   13.23    1.76    0.40
     611  292.67   30.03   14.96    1.54    0.40
     612  288.95   30.36   15.72    0.71    0.40
     613  283.66   28.47   17.83    0.21    0.40
     614  276.98   28.89   18.99    0.66    0.40
     615  278.37   30.09   17.90    0.58    0.40
     616  276.96   28.25   18.10    0.54    0.40
     617  270.89   28.30   19.76    0.87    0.40
     618  272.89   26.20   18.29    2.06    0.40
     619  274.53   23.60   15.58    1.83    0.40
     620  268.33   22.13   17.45    2.89    0.40
     621  266.03   19.52   17.20    3.48    0.40
     622  265.63   20.04   16.47    6.65    0.40
     623  264.07   18.89   16.18    4.85    0.40
     624  266.50   19.21   14.13    3.72    0.40
     625  261.14   20.81   15.58    2.10    0.40
     626  255.93   21.70   18.20    2.62    0.40
     627  256.57   23.04   16.69    0.78    0.40
     628  253.68   22.67   17.16    3.18    0.40
     629  247.67   19.68   18.80    4.32    0.40
     630  248.84   17.77   17.26    2.02    0.40
     631  246.76   17.51   17.25    2.61    0.40
     632  243.36   17.97   17.98    3.11    0.40
     633  237.95   20.64   20.61    1.56    0.40
     634  238.73   21.59   18.98    1.50    0.40
     635  235.24   20.96   18.50    2.45    0.40
     636  233.26   18.66   19.46    1.89    0.40
     637  233.46   18.21   18.49    1.62    0.40
     638  228.99   18.10   19.62    1.79    0.40
     639  229.91   19.64   18.62    1.17    0.40
     640  228.31   21.26   18.06    2.88    0.40
     641  227.03   18.58   17.42    3.68    0.40
     642  226.35   17.45   16.58    2.79    0.40
     643  227.86   17.08   14.41    2.71    0.40
     644  228.30   18.43   13.04    1.73    0.40
     645  219.88   20.36   17.50    2.91    0.40
     646  222.41   20.97   14.43    0.36    0.40
     647  218.41   20.77   15.69    0.88    0.40
     648  211.75   18.69   18.34    2.27    0.40
     649  211.35   18.36   17.89    0.85    0.40
     650  217.70   17.85   12.36    4.29    0.40
     651  215.27   18.70   12.28    1.96    0.40
     652  208.39   19.31   15.01    1.66    0.40
     653  202.55   18.27   17.19    3.37    0.40
     654  200.78   17.48   17.42    5.36    0.40
     655  198.63   18.45   17.99    7.11    0.40
     656  197.62   17.30   17.26    6.36    0.40
     657  195.31   16.77   17.60    4.89    0.40
     658  191.03   17.20   19.24    6.33    0.40
     659  190.99   16.80   18.29    2.38    0.40
     660  186.68   18.47   20.04    6.99    0.40
     661  184.96   18.33   19.88    5.79    0.40
     662  182.37   18.30   20.46    6.41    0.40
     663  182.51   18.03   18.89    8.44    0.40
     664  183.79   15.53   15.92    6.00    0.40
     665  182.14   16.11   15.96    3.66    0.40
     666  179.27   19.72   17.13    4.11    0.40
     667  178.52   21.09   17.26    3.43    0.40
     668  177.39   19.95   16.18    0.41    0.40
     669  174.22   17.75   16.66    0.67    0.40
     670  172.84   18.03   16.14    0.27    0.45
     671  167.97   17.74   19.22    4.27    0.45
     672  166.26   17.71   19.11    3.27    0.45
     673  165.53   17.29   18.24    2.48    0.45
     674  165.34   16.02   16.94    2.22    0.45
     675  163.77   15.52   16.58    1.39    0.45
     676  163.13   14.60   16.26    0.48    0.45
     677  162.16   13.84   15.23    1.00    0.45
     678  161.03   14.17   14.94    2.91    0.45
     679  161.03   14.74   13.84    3.68    0.45
     680  160.80   14.23   12.52    3.56    0.45
     681  160.94   13.52   11.13    2.87    0.45
     682  159.54   13.17   11.17    2.14    0.45
     683  156.18   13.01   11.96    0.91    0.45
     684  152.12   13.61   14.28    6.52    0.45
     685  150.77   14.47   14.64    3.00    0.45
     686  153.18   10.89   11.21    3.39    0.45
     687  148.32   13.59   14.71    2.97    0.45
     688  146.84   13.73   14.86    0.65    0.45
     689  146.70   11.52   13.27    0.43    0.45
     690  145.29   11.53   13.40    2.02    0.45
     691  142.55   13.16   14.95    2.26    0.45
     692  141.15   13.60   15.36    4.62    0.45
     693  138.09   16.33   17.37   10.31    0.45
     694  140.90   12.55   13.46    3.50    0.45
     695  141.62    9.18   11.37    1.94    0.45
     696  139.39   12.25   12.32    4.30    0.45
     697  138.29   11.50   12.47    0.71    0.45
     698  139.50    8.15   10.00    4.36    0.45
     699  138.45    9.43   10.28    3.00    0.45
     700  136.04   11.32   11.61    1.14    0.50
     701  134.24   11.34   12.71    1.71    0.50
     702  134.59    9.35   11.34    1.66    0.50
     703  130.63   13.03   14.71    2.37    0.50
     704  130.73   12.64   13.98    4.44    0.50
     705  133.00    8.10   10.66    0.95    0.50
     706  131.21   10.00   11.92    4.23    0.50
     707  130.43   11.81   11.93    5.43    0.50
     708  133.23    6.61    8.40    3.08    0.50
     709  133.53    5.97    7.37    4.94    0.50
     710  133.00    6.16    7.38    4.92    0.50
     711  131.50    7.04    8.37    4.17    0.50
     712  130.99    7.08    8.40    4.46    0.50
     713  130.51    7.16    8.46    3.98    0.50
     714  130.20    6.98    8.43    3.39    0.50
     715  130.00    6.32    8.36    3.12    0.50
     716  129.56    7.51    8.62    2.50    0.50
     717  130.07    7.10    7.68    2.27    0.50
     718  130.79    4.34    6.80    3.11    0.50
     719  131.46    2.97    5.93    3.60    0.50
     720  130.49    3.97    6.63    4.72    0.50
     721  131.28    3.53    5.92    3.61    0.50
     722  130.71    2.69    6.41    3.89    0.50
     723  130.14    3.77    6.99    4.17    0.50
     724  130.22    4.61    7.13    3.25    0.50
     725  129.54    6.00    7.89    2.97    0.50
     726  128.58    7.75    8.82    1.72    0.50
     727  128.13    8.58    9.56    1.29    0.50
     728  128.53    8.21    9.35    1.36    0.50
     729  128.34    9.04    9.97    1.59    0.50
     730  129.24    9.79    9.92    1.79    0.50
     731  129.44    9.75    9.83    2.58    0.60
     732  129.98    8.62    9.69    3.52    0.60
     733  133.51    7.96    6.83    3.09    0.60
     734  133.55    8.86    7.03    1.55    0.60
     735  131.93    8.88    9.10    2.50    0.60
     736  132.51    8.79    9.29    1.82    0.60
     737  132.76    8.53    9.50    0.92    0.60
     738  132.99    7.56   10.01    1.28    0.60
     739  134.53    7.59    9.28    2.88    0.60
     740  134.43    7.87    9.79    1.92    0.60
     741  136.92    7.72    8.41    4.23    0.60
     742  138.82    8.08    7.76    3.38    0.60
     743  139.96    9.01    7.69    2.93    0.60
     744  140.53    9.01    7.79    2.10    0.60
     745  140.41   10.52    9.11    0.46    0.60
     746  140.59    9.28    9.43    0.23    0.60
     747  142.20    9.86    9.00    0.89    0.60
     748  143.18   10.91    9.22    1.51    0.60
     749  143.97   10.62    9.62    3.23    0.60
     750  145.22   11.03    9.34    1.61    0.60
     751  147.21   10.21    8.63    1.78    0.60
     752  147.60    7.64    9.23    3.42    0.60
     753  151.19    5.11    7.22    1.55    0.60
     754  153.83    4.36    6.18    2.49    0.60
     755  154.96    4.41    6.26    2.57    0.60
     756  157.79    2.23    5.12    6.17    0.60
     757  157.39    3.49    6.54    6.67    0.60
     758  157.06    4.45    7.61    4.85    0.60
     759  157.00    7.61    9.39    1.08    0.60
     760  158.13    7.32    9.64    1.46    0.60
     761  160.70    7.43    8.94    2.45    0.60
     762  163.91    5.85    7.69    3.94    0.60
     763  163.69    8.40    8.78    2.03    0.60
     764  163.27    8.40   10.72    2.76    0.60
     765  165.19    8.51   10.62    1.41    0.60
     766  167.88    7.98    9.94    1.78    0.60
     767  170.97    7.23    8.71    2.03    0.60
     768  169.60    9.24   11.19    3.93    0.60
     769  166.44   13.60   15.26    5.95    0.60
     770  171.62   12.19   12.49    3.73    0.60
     771  170.02   14.48   15.38    4.20    0.60
     772  172.19   13.20   15.02    4.70    0.60
     773  173.41   13.70   15.25    4.31    0.60
     774  175.97   14.43   15.01    4.78    0.60
     775  180.51   14.45   13.26    2.77    0.60
     776  181.98   12.43   12.90    3.59    0.60
     777  184.29   12.17   12.18    5.94    0.60
     778  189.99    9.17   10.01    2.53    0.60
     779  192.49    9.01    9.28    3.69    0.60
     780  195.37    7.25    8.69    1.90    0.60
     781  195.99    9.50   10.06    3.51    0.60
     782  200.34    7.87    8.18    1.54    0.60
     783  196.21   11.72   12.59    3.79    0.60
     784  196.75   12.96   13.59    4.12    0.60
     785  199.54   12.78   13.13    3.16    0.60
     786  202.81   10.91   12.13    1.91    0.60
     787  206.82    9.00   10.78    0.72    0.60
     788  208.65    9.35   10.93    0.81    0.60
     789  211.01    9.63   10.82    0.69    0.60
     790  213.36    9.95   10.68    0.98    0.50
     791  215.01   10.80   10.99    1.36    0.50
     792  217.27   12.79   10.87    0.61    0.50
     793  218.44   12.07   11.43    2.82    0.50
     794  223.38   11.65    9.76    1.61    0.50
     795  224.79   13.30    9.96    3.71    0.50
     796  222.58   14.96   12.91    6.16    0.50
     797  230.70   12.61    9.60    5.64    0.50
     798  234.56   12.34    8.38    3.41    0.50
     799  236.33   14.60    8.80    5.62    0.50
     800  243.04   12.30    6.27    3.81    0.50
     801  242.41   11.73    7.39    0.77    0.50
     802  244.17   14.29    7.88    2.37    0.50
     803  246.17   13.46    7.99    2.49    0.50
     804  246.16   13.36    9.37    1.89    0.50
     805  249.86   13.80    8.27    2.35    0.50
     806  248.38   14.04    9.54    2.90    0.50
     807  250.67   14.07   10.02    1.25    0.50
     808  253.19   11.26    9.68    8.02    0.50
     809  260.27    8.76    6.91    6.17    0.50
     810  263.55    8.18    6.21    6.87    0.50
     811  266.59    7.78    5.98    3.10    0.50
     812  262.42   10.34    9.18    2.45    0.50
     813  263.88   12.32    9.41    1.75    0.50
     814  265.09   11.25    9.53    2.77    0.50
     815  263.99    9.93   11.17    1.00    0.50
     816  269.97   11.03    9.58    5.63    0.50
     817  271.42   11.22    9.71    6.83    0.50
     818  273.98   12.56    9.81    4.64    0.50
     819  276.16   11.99    9.51    3.59    0.50
     820  274.81   12.81   11.12    4.35    0.50
     821  282.03    9.94    8.58    3.23    0.50
     822  281.84    8.77    9.19    2.35    0.50
     823  283.83    9.18    9.60    1.32    0.50
     824  286.16   10.83    9.38    4.93    0.50
     825  290.48   11.19    8.23    3.82    0.50
     826  292.19   11.67    8.46    3.62    0.50
     827  289.34   11.72   10.22    1.10    0.50
     828  288.26   12.09   11.67    1.00    0.50
     829  288.50   12.54   12.42    1.39    0.50
     830  292.31   13.17   12.15    0.31    0.50
     831  292.43   13.00   12.27    1.26    0.50
     832  289.55   13.74   14.24    1.50    0.50
     833  295.47   14.62   12.63    3.98    0.50
     834  299.57   15.67   11.73    2.02    0.50
     835  300.39   17.49   12.20    0.34    0.50
     836  299.76   18.09   13.20    3.59    0.50
     837  302.82   18.32   12.02    4.59    0.50
     838  305.47   17.34   12.30    0.64    0.50
     839  302.39   16.82   14.03    1.69    0.50
     840  300.78   16.41   15.74    1.18    0.50
     841  303.17   17.96   14.94    1.77    0.50
     842  308.24   19.06   13.64    3.45    0.50
     843  306.10   19.94   15.09    2.24    0.50
     844  308.15   20.07   15.03    2.42    0.50
     845  311.17   16.57   14.47    3.61    0.50
     846  320.02   14.74   11.25    4.34    0.50
     847  320.98   13.73   11.70    2.92    0.50
     848  321.33   13.66   12.38    4.23    0.50
     849  320.47   14.54   12.63    3.82    0.50
     850  323.71   14.38   11.80    5.32    0.50
     851  326.43   12.71   10.96    4.27    0.45
     852  320.13   14.95   14.30    6.19    0.45
     853  323.89   14.20   12.93    3.98    0.45
     854  323.70   15.59   13.72    4.69    0.45
     855  329.26   17.07   12.39    4.08    0.45
     856  337.37   17.88   10.02    5.11    0.45
     857  336.58   20.28   10.98    2.27    0.45
     858  330.96   22.78   13.87    0.69    0.45
     859  332.87   23.02   14.33    2.33    0.45
     860  334.38   22.06   12.79    2.46    0.45
     861  337.62   18.67   12.28    3.26    0.45
     862  333.03   18.94   13.95    3.18    0.45
     863  334.63   17.51   13.63    5.29    0.45
     864  342.16   15.70   11.47    4.33    0.45
     865  344.82   18.10   11.08    4.10    0.45
     866  344.01   21.58   11.94    3.56    0.45
     867  342.83   24.12   13.32    3.85    0.45
     868  341.00   26.01   15.32    2.81    0.45
     869  335.40   24.89   16.85    2.08    0.45
     870  332.21   20.72   17.91    2.68    0.45
     871  343.27   16.28   13.73    4.35    0.45
     872  345.84   16.41   13.05    1.03    0.45
     873  342.46   17.44   14.60    0.43    0.45
     874  341.01   16.69   15.41    1.83    0.45
     875  345.94   15.32   13.40    2.43    0.45
     876  347.10   16.23   13.52    2.87    0.45
     877  348.46   16.66   12.81    6.55    0.45
     878  353.13   16.97   12.00    5.07    0.45
     879  351.59   17.93   12.67    3.94    0.45
     880  344.04   17.84   15.65    3.78    0.45
     881  347.33   18.30   14.68    4.37    0.45
     882  350.45   19.28   13.79    3.97    0.40
     883  350.96   23.61   14.83    4.19    0.40
     884  353.52   25.01   14.62    2.65    0.40
     885  353.20   25.22   15.01    2.27    0.40
     886  345.95   25.00   16.66    2.74    0.40
     887  344.95   23.45   16.25    2.97    0.40
     888  349.89   23.10   15.47    3.25    0.40
     889  345.04   20.01   17.41    2.27    0.40
     890  346.87   19.57   16.84    2.81    0.40
     891  347.58   18.88   16.44    3.13    0.40
     892  348.96   19.32   16.09    2.47    0.40
     893  347.83   20.13   16.27    3.45    0.40
     894  349.70   18.79   16.08    4.20    0.40
     895  344.65   18.71   18.03    5.78    0.40
     896  343.25   19.35   18.65    3.30    0.40
     897  340.59   19.42   19.80    5.88    0.40
     898  342.76   20.11   19.24    4.97    0.40
     899  346.51   19.14   17.63    2.28    0.40
     900  347.13   19.07   17.28    3.69    0.40
     901  350.76   18.30   15.78    3.03    0.40
     902  354.73   18.46   14.19    5.12    0.40
     903  355.08   19.85   14.26    4.75    0.40
     904  354.43   23.47   15.48    3.36    0.40
     905  352.11   21.96   16.09    4.01    0.40
     906  351.10   19.64   15.74    5.35    0.40
     907  355.31   20.26   14.61    4.17    0.40
     908  354.36   21.93   15.18    2.59    0.40
     909  354.49   23.10   15.38    2.69    0.40
     910  355.78   22.63   14.98    2.92    0.40
     911  348.42   23.02   17.25    3.80    0.40
     912  347.67   20.68   16.67    5.13    0.20
     913  346.94   21.43   17.06    5.06    0.20
     914  342.50   22.09   18.82    5.98    0.20
     915  344.47   24.67   18.14    6.25    0.20
     916  352.66   27.80   15.39    4.00    0.20
     917  349.18   28.09   17.97    0.89    0.20
     918  346.22   27.70   18.29    2.35    0.20
     919  347.74   25.35   17.34    5.18    0.20
     920  352.52   24.38   14.33    6.37    0.20
     921  351.99   25.82   14.58    5.03    0.20
     922  350.23   27.71   15.77    2.92    0.20
     923  343.52   28.43   18.13    1.66    0.20
     924  345.51   27.86   17.30    2.47    0.20
     925  347.82   27.63   16.22    2.63    0.20
     926  335.18   22.00   19.41    3.71    0.20
     927  338.66   21.57   18.50    2.54    0.20
     928  344.93   22.67   15.49    4.43    0.20
     929  350.36   22.09   13.16    5.20    0.20
     930  345.82   19.89   14.25    6.47    0.20
     931  346.71   20.47   13.75    5.59    0.20
     932  346.69   20.42   13.86    5.72    0.20
     933  341.70   20.50   15.23    4.09    0.20
     934  332.48   20.80   18.08    2.95    0.20
     935  338.20   23.11   16.18    3.45    0.20
     936  340.12   25.57   16.03    2.18    0.20
     937  339.57   25.82   16.11    3.59    0.20
     938  339.79   26.34   16.59    3.26    0.20
     939  335.88   29.85   17.85    3.06    0.20
     940  331.67   31.75   19.24    1.86    0.20
     941  340.66   32.17   16.78    3.28    0.20
     942  336.92   28.52   15.93    3.17    0.20
     943  326.51   22.63   18.18    4.20    0.20
     944  324.21   24.80   19.36    1.79    0.20
     945  330.59   29.24   16.54    1.08    0.20
     946  322.27   30.24   19.86    2.02    0.20
     947  310.92   25.27   23.42    3.42    0.20
     948  320.89   22.67   18.44    5.54    0.20
     949  324.46   24.07   16.78    3.47    0.20
     950  327.47   26.20   16.04    2.85    0.20
     951  322.92   26.76   15.99    0.85    0.20
     952  318.69   26.25   18.48    3.61    0.20
     953  312.69   23.69   18.48    3.26    0.20
     954  314.72   20.25   17.46    4.68    0.20
     955  313.02   21.35   17.95    3.27    0.20
     956  313.55   22.66   16.30    3.30    0.20
     957  303.83   21.07   20.26    3.15    0.20
     958  313.27   22.72   15.64    5.67    0.20
     959  315.99   25.13   14.89    3.56    0.20
     960  315.17   25.44   15.25    2.80    0.20
     961  308.72   24.73   16.04    5.11    0.20
     962  312.71   24.87   13.83    6.37    0.20
     963  308.39   23.57   14.36    6.26    0.20
     964  317.01   22.76   11.19    6.05    0.20
     965  311.41   23.70   13.15    4.85    0.20
     966  306.13   24.75   15.10    2.30    0.20
     967  289.32   21.28   18.49    1.65    0.20
     968  288.26   23.10   20.31    1.37    0.20
     969  286.74   25.84   19.27    1.87    0.20
     970  287.38   22.66   18.75    2.93    0.20
     971  287.95   19.22   18.02    3.80    0.20
     972  284.39   21.21   18.63    1.14    0.20
     973  293.77   24.84   14.28    5.51    0.20
     974  281.10   24.95   19.11    1.61    0.40
     975  278.28   25.54   20.61    0.74    0.40
     976  281.38   25.53   18.54    2.15    0.40
     977  279.08   25.62   18.65    1.23    0.40
     978  275.95   26.29   19.01    1.62    0.40
     979  276.10   25.87   19.20    0.84    0.40
     980  273.44   24.56   19.61    1.43    0.40
     981  267.75   21.92   19.44    2.88    0.40
     982  270.22   18.99   18.35    1.79    0.40
     983  267.63   21.22   18.43    1.21    0.40
     984  264.42   21.98   19.13    0.87    0.40
     985  263.85   19.57   19.21    1.36    0.40
     986  262.01   20.47   18.90    1.09    0.40
     987  259.19   20.63   19.07    1.29    0.40
     988  257.26   22.68   18.66    0.54    0.40
     989  256.11   21.94   19.04    2.39    0.40
     990  253.27   20.02   19.22    2.20    0.40
     991  254.45   20.13   17.48    0.94    0.40
     992  251.85   20.43   17.66    2.72    0.40
     993  250.45   21.30   17.86    0.42    0.40
     994  248.22   20.93   19.27    0.44    0.40
     995  249.71   20.40   17.56    2.37    0.40
     996  244.93   21.59   18.31    1.34    0.40
     997  245.04   22.55   17.78    1.95    0.40
     998  244.39   21.43   16.82    2.09    0.40
     999  247.72   20.76   13.66    4.35    0.40
    1000  249.36   19.46   11.51    4.41    0.40
    1001  239.72   18.11   15.24    3.18    0.40
    1002  235.50   17.87   16.90    4.07    0.40
    1003  227.91   19.14   20.69    6.00    0.40
    1004  226.10   18.94   20.26    5.18    0.40
    1005  227.43   16.40   17.96    2.25    0.40
    1006  229.64   15.53   15.67    1.33    0.40
    1007  227.14   17.11   15.69    0.44    0.40
    1008  224.25   17.90   16.39    0.54    0.40
    1009  222.90   18.74   15.98    1.13    0.40
    1010  220.47   19.23   16.48    1.83    0.40
    1011  218.38   20.14   16.65    2.79    0.40
    1012  218.94   20.00   15.14    4.77    0.40
    1013  219.73   18.85   13.51    4.30    0.40
    1014  219.19   16.82   12.33    5.26    0.40
    1015  215.89   15.95   13.12    4.18    0.40
    1016  211.61   17.45   14.55    2.60    0.40
    1017  207.83   18.61   16.10    1.88    0.40
    1018  205.99   18.05   15.95    1.13    0.40
    1019  204.91   17.38   15.24    1.20    0.40
    1020  203.19   17.38   15.04    3.02    0.40
    1021  201.95   17.67   14.54    4.11    0.40
    1022  199.25   17.21   14.99    4.45    0.40
    1023  198.47   17.82   14.37    2.28    0.40
    1024  199.01   17.40   11.64    0.51    0.40
    1025  194.48   15.62   13.62    0.99    0.40
    1026  195.74   16.27   11.99    1.85    0.40
    1027  190.13   15.76   14.32    0.54    0.40
    1028  190.33   14.70   12.60    2.65    0.40
    1029  192.23   13.22   10.24    3.58    0.40
    1030  190.54   12.86   10.02    4.58    0.40
    1031  186.47   13.65   11.47    3.98    0.40
    1032  185.06   15.08   10.93    2.79    0.40
    1033  183.33   13.90   11.09    4.29    0.40
    1034  183.47   12.37    9.50    4.35    0.40
    1035  182.56   11.74    8.81    4.05    0.45
    1036  179.96   13.19    9.55    3.29    0.45
    1037  176.54   13.65   10.37    3.30    0.45
    1038  174.83   13.63   10.54    2.99    0.45
    1039  173.90   14.40    9.97    3.24    0.45
    1040  172.91   14.53    9.81    3.46    0.45
    1041  170.56   14.07   10.11    2.54    0.45
    1042  167.33   14.42   11.42    1.73    0.45
    1043  168.27   15.07    9.39    3.23    0.45
    1044  165.63   13.52   10.28    2.77    0.45
    1045  162.63   13.46   11.20    2.02    0.45
    1046  164.31   13.85    8.18    1.94    0.45
    1047  163.90   12.72    7.40    2.52    0.45
    1048  162.15   11.21    7.89    3.70    0.45
    1049  158.78   10.36    9.02    4.24    0.45
    1050  159.81    9.96    6.63    4.05    0.45
    1051  160.72    7.99    5.06    4.08    0.45
    1052  159.84    9.24    4.72    0.97    0.45
    1053  152.55   11.31    9.12    4.42    0.45
    1054  143.75   15.04   16.42    6.15    0.45
    1055  145.71   11.34   13.22    2.19    0.45
    1056  146.18   10.38   11.51    2.38    0.45
    1057  147.26    7.84    9.31    2.19    0.45
    1058  147.57    7.44    7.76    6.28    0.45
    1059  146.78    7.49    7.39    6.92    0.45
    1060  144.75    7.95    8.26    5.61    0.45
    1061  143.60    8.09    8.15    4.42    0.45
    1062  143.12    7.73    7.65    1.71    0.45
    1063  142.46    7.58    7.31    1.80    0.45
    1064  141.46    7.28    7.49    2.70    0.45
    1065  140.16    7.92    7.75    1.80    0.50
    1066  137.34    8.99    9.55    2.06    0.50
    1067  136.12    8.91    9.83    2.08    0.50
    1068  134.13   10.07   11.25    2.82    0.50
    1069  134.53    9.72    9.87    1.65    0.50
    1070  132.94   10.30   10.62    2.12    0.50
    1071  132.08    9.51   10.57    2.58    0.50
    1072  130.56   10.25   11.64    0.85    0.50
    1073  130.34    9.17   11.44    1.12    0.50
    1074  131.32    7.40    9.61    1.84    0.50
    1075  132.72    6.86    7.68    3.85    0.50
    1076  133.40    6.37    6.53    4.37    0.50
    1077  132.82    5.57    6.51    3.63    0.50
    1078  131.99    5.69    6.93    3.52    0.50
    1079  131.54    5.79    6.57    2.58    0.50
    1080  132.89    4.40    5.55    2.85    0.50
    1081  130.17    5.84    7.71    1.74    0.50
    1082  128.37    9.44    9.32    6.12    0.50
    1083  129.61   12.05    8.30    7.63    0.50
    1084  128.28   12.22    9.86    4.97    0.50
    1085  126.74    9.29   10.31    3.57    0.50
    1086  126.97    8.94   10.16    4.82    0.50
    1087  127.44    8.64    9.81    4.50    0.50
    1088  128.27    7.58    9.06    4.18    0.50
    1089  127.77    7.48    9.50    0.43    0.50
    1090  126.47    9.01   11.07    2.63    0.50
    1091  128.98    6.37    8.53    4.57    0.50
    1092  129.63    6.92    8.20    2.95    0.50
    1093  130.37    7.20    7.52    2.07    0.50
    1094  131.11    6.39    7.21    2.80    0.50
    1095  131.55    6.10    7.10    3.25    0.50
    1096  130.44    7.90    8.57    2.22    0.60
    1097  126.76   12.36   13.14    5.73    0.60
    1098  129.12    9.70   10.91    5.55    0.60
    1099  131.16    6.95    9.31    0.22    0.60
    1100  130.46    8.60   10.70    2.12    0.60
    1101  128.29   11.99   13.87    1.13    0.60
    1102  130.34   10.21   11.96    1.95    0.60
    1103  132.67    9.64   10.45    2.18    0.60
    1104  132.85    8.68   10.90    0.39    0.60
    1105  134.30    8.49   10.38    0.27    0.60
    1106  134.01    8.92   11.18    2.93    0.60
    1107  138.59    4.73    7.67    0.32    0.60
    1108  138.10    7.12    8.87    3.67    0.60
    1109  136.70    9.62   11.54    1.57    0.60
    1110  138.62    8.80   10.51    3.71    0.60
    1111  137.38   12.34   12.48    3.92    0.60
    1112  140.41    8.90   10.85    0.59    0.60
    1113  140.95    9.77   11.12    2.79    0.60
    1114  143.31   10.05   10.17    4.06    0.60
    1115  144.17   11.82   10.36    2.28    0.60
    1116  145.54   12.17   10.20    2.00    0.60
    1117  146.96   11.99   10.00    3.22    0.60
    1118  149.15   11.30    9.22    3.63    0.60
    1119  150.54   10.44    9.12    1.74    0.60
    1120  152.15    8.95    8.90    3.37    0.60
    1121  154.56    9.06    8.08    2.33    0.60
    1122  155.67    8.70    8.22    3.24    0.60
    1123  157.55    8.67    8.02    2.55    0.60
    1124  159.21   10.23    7.76    0.53    0.60
    1125  161.12   10.14    7.47    1.53    0.60
    1126  162.27    8.45    7.87    3.16    0.60
    1127  164.46    7.63    7.29    1.49    0.60
    1128  162.03    8.63   10.35    2.69    0.60
    1129  161.45   11.06   12.34    5.31    0.60
    1130  164.27   10.08   11.66    1.42    0.60
    1131  167.50    9.58   10.42    0.92    0.60
    1132  169.69   10.73    9.92    3.93    0.60
    1133  172.07   11.43    9.37    2.34    0.60
    1134  174.46   11.57    8.66    2.40    0.60
    1135  177.55   11.53    8.21    3.00    0.60
    1136  179.82   10.70    7.85    3.15    0.60
    1137  180.52   10.49    8.27    2.60    0.60
    1138  181.72   10.99    8.57    3.79    0.60
    1139  184.23   10.25    8.60    4.68    0.60
    1140  185.19   10.93    9.45    4.19    0.60
    1141  184.97   12.02   11.00    1.52    0.60
    1142  187.08   12.17   10.53    3.91    0.60
    1143  189.18   10.14   10.21    3.51    0.60
    1144  187.61   11.81   13.03    1.34    0.60
    1145  188.30   12.53   13.92    2.85    0.60
    1146  191.75   12.24   13.02    1.00    0.60
    1147  193.85   13.46   12.88    2.26    0.60
    1148  195.18   12.71   12.48    2.43    0.60
    1149  198.38   12.06   12.71    4.94    0.60
    1150  199.33   12.51   13.14    2.37    0.60
    1151  202.11   12.39   12.52    1.18    0.60
    1152  205.81   13.67   11.78    1.28    0.60
    1153  208.23   13.64   11.16    0.92    0.60
    1154  208.57   11.87   12.24    0.36    0.60
    1155  212.33   12.12   11.40    1.36    0.50
    1156  214.66   14.82   11.30    1.45    0.50
    1157  216.63   15.79   11.06    1.07    0.50
    1158  218.19   15.94   11.26    2.44    0.50
    1159  227.74   14.44    7.66    7.86    0.50
    1160  233.06    8.37    5.59    6.30    0.50
    1161  234.70    7.45    5.76    2.98    0.50
    1162  235.22    9.55    6.70    3.21    0.50
    1163  234.71   10.02    8.06    3.06    0.50
    1164  233.74   12.00   10.19    4.10    0.50
    1165  234.25    9.88   10.74    4.35    0.50
    1166  232.36   12.68   13.20    1.65    0.50
    1167  235.88   14.61   12.63    2.38    0.50
    1168  239.73   16.33   11.98    0.23    0.50
    1169  240.30   17.51   12.86    1.90    0.50
    1170  241.93   13.98   12.51    3.12    0.50
    1171  247.12   12.48   11.14    1.06    0.50
    1172  249.20   13.49   10.78    2.46    0.50
    1173  250.35   11.01   11.27    2.14    0.50
    1174  252.61    9.05   10.75    3.03    0.50
    1175  253.68   10.52   10.95    5.01    0.50
    1176  259.01   11.52    9.94    3.16    0.50
    1177  259.97   10.88   10.27    6.65    0.50
    1178  269.66    8.54    6.56    5.64    0.50
    1179  267.81    9.66    8.54    2.95    0.50
    1180  267.48   11.07    9.78    3.75    0.50
    1181  268.38   11.55   10.36    6.39    0.50
    1182  267.34   12.84   11.48    4.07    0.50
    1183  267.07   15.45   13.21    3.21    0.50
    1184  270.40   16.65   12.63    2.30    0.50
    1185  274.21   12.76   11.14    3.71    0.50
    1186  277.60   12.23   10.87    2.95    0.50
    1187  279.75   15.11   10.81    3.61    0.50
    1188  281.95   17.42   10.73    2.62    0.50
    1189  289.34   18.98    8.92    2.16    0.50
    1190  291.16   18.85    9.55    0.94    0.50
    1191  288.25   18.54   11.10    1.71    0.50
    1192  286.66   18.10   11.75    2.62    0.50
    1193  283.65   13.58   13.89    5.99    0.50
    1194  283.28   13.19   14.86    5.19    0.50
    1195  282.84   15.77   16.15    7.64    0.50
    1196  289.62   14.01   13.50    6.87    0.50
    1197  301.59   11.93    8.91    7.12    0.50
    1198  301.75   12.10    9.58    3.88    0.50
    1199  301.09   12.61   10.84    2.95    0.50
    1200  305.50   14.52    9.86    2.37    0.50
    1201  308.22   16.06    9.60    0.60    0.50
    1202  304.66   16.18   11.83    3.20    0.50
    1203  301.77   14.20   13.61    6.46    0.50
    1204  306.69   13.56   11.75    7.90    0.50
    1205  306.36   12.74   12.58    7.54    0.50
    1206  311.71   11.09   10.81    5.98    0.50
    1207  312.93   12.52   11.11    4.29    0.50
    1208  313.38   13.96   12.07    2.19    0.50
    1209  309.78   17.05   14.48    2.11    0.50
    1210  311.50   20.10   14.67    3.09    0.50
    1211  315.70   22.99   13.17    2.82    0.50
    1212  319.86   22.67   12.75    0.95    0.50
    1213  318.14   21.83   14.08    2.43    0.50
    1214  324.82   16.37   11.15    5.26    0.50
    1215  325.30   14.29   11.08    4.28    0.50
    1216  326.80   14.30   11.18    3.38    0.45
    1217  332.56   15.29    9.27    1.85    0.45
    1218  329.15   18.41   11.38    1.13    0.45
    1219  324.91   20.60   13.99    1.61    0.45
    1220  321.28   19.62   16.50    2.07    0.45
    1221  325.44   21.08   15.56    2.37    0.45
    1222  331.70   22.44   13.87    2.09    0.45
    1223  333.05   20.81   13.32    2.67    0.45
    1224  327.69   17.41   15.51    3.87    0.45
    1225  336.44   13.59   11.71    5.73    0.45
    1226  336.95   13.92   11.66    7.74    0.45
    1227  334.36   16.28   13.61    7.34    0.45
    1228  332.01   15.70   14.58    4.23    0.45
    1229  333.86   16.82   14.55    3.37    0.45
    1230  335.74   16.04   13.93    3.65    0.45
    1231  334.73   14.64   14.85    2.05    0.45
    1232  338.29   16.44   14.01    2.45    0.45
    1233  341.94   15.60   12.61    5.42    0.45
    1234  341.58   14.62   12.79    6.46    0.45
    1235  342.06   16.44   13.10    4.61    0.45
    1236  337.09   16.14   15.09    3.46    0.45
    1237  339.97   17.16   14.87    3.81    0.45
    1238  339.62   16.21   15.39    2.94    0.45
    1239  337.18   16.05   16.69    3.73    0.45
    1240  346.89   14.59   13.07    3.89    0.45
    1241  349.54   13.38   12.46    1.96    0.45
    1242  349.39   13.82   12.79    3.29    0.45
    1243  347.14   14.80   13.79    4.51    0.45
    1244  348.77   15.28   13.49    4.53    0.45
    1245  345.41   17.18   15.34    3.39    0.45
    1246  349.24   15.09   14.10    2.08    0.45
    1247  350.96   15.65   13.72    3.48    0.40
    1248  348.89   16.81   14.25    4.55    0.40
    1249  351.31   16.80   13.45    5.75    0.40
    1250  351.69   17.89   14.09    3.44    0.40
    1251  350.15   19.44   14.89    4.43    0.40
    1252  354.07   18.92   13.37    5.74    0.40
    1253  354.05   23.49   14.20    2.51    0.40
    1254  360.38   22.89   12.54    5.14    0.40
    1255  357.79   21.52   13.17    4.85    0.40
    1256  349.40   21.48   15.78    0.29    0.40
    1257  347.63   23.39   16.87    1.55    0.40
    1258  353.31   24.62   15.95    5.08    0.40
    1259  357.33   26.12   14.34    2.41    0.40
    1260  363.53   25.26   12.31    3.87    0.40
    1261  352.58   21.93   14.90    4.40    0.40
    1262  348.52   19.16   16.69    4.50    0.40
    1263  352.68   20.34   15.81    2.35    0.40
    1264  358.90   23.78   13.88    1.88    0.40
    1265  362.79   24.70   12.76    2.26    0.40
    1266  350.00   26.66   17.58    0.89    0.40
    1267  348.86   27.03   16.97    2.01    0.40
    1268  347.52   27.03   18.57    1.73    0.40
    1269  344.16   23.59   18.62    3.97    0.40
    1270  349.59   22.72   17.60    3.90    0.40
    1271  352.50   27.17   16.98    1.75    0.40
    1272  350.62   28.40   17.82    1.74    0.40
    1273  353.22   29.45   17.27    2.50    0.40
    1274  343.77   28.78   19.71    3.23    0.40
    1275  341.39   27.71   20.90    2.98    0.40
    1276  348.23   26.90   18.42    3.70    0.40
    1277  355.55   25.75   15.45    4.08    0.20
    1278  350.88   21.53   15.83    5.31    0.20
    1279  356.87   21.01   13.23    5.47    0.20
    1280  350.87   22.93   15.83    3.51    0.20
    1281  341.92   23.60   19.34    4.40    0.20
    1282  356.18   20.87   13.09    6.29    0.20
    1283  357.04   20.90   12.68    6.01    0.20
    1284  354.63   23.89   14.03    3.03    0.20
    1285  349.18   24.40   16.31    3.21    0.20
    1286  345.89   23.45   17.28    4.52    0.20
    1287  338.14   22.07   18.98    4.55    0.20
    1288  348.56   20.87   14.89    6.37    0.20
    1289  348.86   23.14   15.17    3.64    0.20
    1290  343.46   24.93   16.51    0.67    0.20
    1291  346.15   26.83   17.81    1.18    0.20
    1292  341.05   27.11   18.36    0.86    0.20
    1293  338.53   29.01   18.85    0.70    0.20
    1294  333.60   29.62   21.50    1.24    0.20
    1295  327.35   28.56   22.19    4.24    0.20
    1296  327.65   24.75   22.75    2.65    0.20
    1297  327.75   26.08   21.69    1.69    0.20
    1298  326.92   27.64   21.70    2.71    0.20
    1299  330.44   26.15   19.52    2.95    0.20
    1300  336.31   22.31   16.28    4.50    0.20
    1301  326.87   21.55   19.73    3.01    0.20
    1302  325.91   23.08   20.15    3.49    0.20
    1303  327.41   22.93   19.02    4.37    0.20
    1304  331.68   22.98   17.90    4.84    0.20
    1305  337.06   22.49   15.22    3.81    0.20
    1306  331.41   22.81   16.87    3.97    0.20
    1307  322.57   23.69   20.17    4.04    0.20
    1308  329.99   24.08   16.89    6.08    0.20
    1309  328.25   27.27   17.89    3.42    0.20
    1310  327.41   29.28   18.11    1.28    0.20
    1311  326.66   29.77   19.35    1.48    0.20
    1312  319.96   28.89   21.46    1.98    0.20
    1313  327.03   26.16   16.55    3.81    0.20
    1314  322.44   22.73   17.16    5.42    0.20
    1315  322.63   23.90   16.81    3.40    0.20
    1316  320.28   26.39   18.05    1.35    0.20
    1317  318.89   25.22   18.24    3.57    0.20
    1318  309.67   22.48   20.19    4.28    0.20
    1319  311.69   23.47   19.02    3.77    0.20
    1320  325.78   22.94   12.73    5.51    0.20
    1321  323.98   21.10   12.73    5.68    0.20
    1322  322.06   22.27   12.94    4.10    0.20
    1323  310.07   21.03   16.69    3.57    0.20
    1324  307.54   21.63   18.19    3.10    0.20
    1325  308.48   21.91   16.92    4.14    0.20
    1326  312.96   22.03   14.55    5.74    0.20
    1327  309.59   23.09   15.61    3.21    0.20
    1328  307.26   24.57   16.26    2.94    0.20
    1329  300.64   22.90   18.39    4.63    0.20
    1330  302.52   23.83   16.98    3.53    0.20
    1331  303.51   23.82   16.30    3.28    0.20
    1332  297.00   23.26   18.40    2.57    0.20
    1333  294.87   24.21   18.42    2.62    0.20
    1334  291.33   24.30   18.97    2.15    0.20
    1335  285.45   25.79   20.69    2.16    0.20
    1336  283.87   23.16   20.82    2.16    0.20
    1337  287.36   19.48   18.07    2.36    0.20
    1338  285.94   20.71   18.10    2.94    0.20
    1339  287.04   21.98   17.00    2.79    0.40
    1340  289.60   20.65   14.96    3.18    0.40
    1341  287.06   19.19   15.69    2.31    0.40
    1342  279.41   18.56   17.54    2.14    0.40
    1343  278.49   18.23   17.25    4.76    0.40
    1344  274.74   20.13   18.75    2.79    0.40
    1345  282.79   19.93   14.23    1.47    0.40
    1346  285.43   21.28   12.68    0.75    0.40
    1347  273.44   22.93   16.64    2.24    0.40
    1348  267.43   23.34   19.59    3.02    0.40
    1349  271.52   20.07   15.80    6.31    0.40
    1350  281.51   19.18   10.29    7.26    0.40
    1351  279.18   20.00   10.89    4.84    0.40
    1352  277.30   21.35   11.28    3.72    0.40
    1353  272.96   22.96   12.38    1.77    0.40
    1354  262.37   20.67   14.77    2.69    0.40
    1355  259.86   20.16   15.59    0.76    0.40
    1356  258.51   20.17   15.97    1.78    0.40
    1357  255.72   22.08   16.75    0.13    0.40
    1358  247.78   23.22   19.21    1.92    0.40
    1359  245.56   20.51   21.03    1.09    0.40
    1360  247.85   18.33   17.66    0.72    0.40
    1361  243.82   19.65   19.06    0.60    0.40
    1362  243.41   18.44   18.30    2.06    0.40
    1363  243.42   18.56   17.90    0.23    0.40
    1364  238.97   18.87   18.31    0.89    0.40
    1365  238.06   17.70   17.47    2.50    0.40
    1366  236.04   16.41   17.07    4.94    0.40
    1367  234.89   18.06   17.22    3.28    0.40
    1368  236.19   19.23   15.20    0.96    0.40
    1369  236.09   19.04   14.25    0.48    0.40
    1370  233.98   16.54   14.52    2.58    0.40
    1371  236.89   15.73   11.25    4.93    0.40
    1372  233.60   16.03   11.68    2.38    0.40
    1373  227.88   17.73   14.48    0.68    0.40
    1374  231.14   17.43   11.50    0.92    0.40
    1375  219.85   16.06   16.62    1.86    0.40
    1376  220.97   15.95   14.64    5.34    0.40
    1377  223.23   15.26   11.81    6.13    0.40
    1378  216.98   18.58   14.63    6.91    0.40
    1379  208.86   19.24   18.52    3.26    0.40
    1380  209.54   16.29   16.72    1.63    0.40
    1381  209.89   15.57   15.44    1.74    0.40
    1382  207.74   17.18   15.98    2.77    0.40
    1383  204.77   18.21   16.55    0.37    0.40
    1384  203.22   17.10   16.01    2.77    0.40
    1385  199.86   15.47   16.82    1.43    0.40
    1386  199.31   15.72   16.14    1.32    0.40
    1387  198.15   15.21   15.04    0.98    0.40
    1388  195.52   17.19   15.90    2.01    0.40
    1389  194.77   16.97   15.63    1.65    0.40
    1390  196.07   13.12   12.66    6.72    0.40
    1391  193.28   14.56   13.22    4.89    0.40
    1392  192.43   14.91   12.84    3.67    0.40
    1393  190.27   14.94   12.82    5.17    0.40
    1394  187.22   16.24   13.79    5.22    0.40
    1395  185.19   16.20   14.05    2.98    0.40
    1396  187.95   12.50   10.11    7.54    0.40
    1397  188.87    9.60    8.29    4.40    0.40
    1398  181.81   10.39   11.79    4.13    0.40
    1399  179.05   12.19   12.69    2.98    0.40
    1400  180.69    7.74   10.00    1.31    0.45
    1401  179.48    9.17    9.49    2.20    0.45
    1402  178.40    9.40    9.11    2.84    0.45
    1403  173.85   10.04   11.39    1.98    0.45
    1404  170.62   11.64   12.16    3.77    0.45
    1405  171.12    9.32   10.38    0.54    0.45
    1406  167.89   10.59   11.99    1.10    0.45
    1407  166.13   10.57   11.97    3.06    0.45
    1408  165.88   10.56   10.92    4.12    0.45
    1409  164.51   12.69   10.96    1.11    0.45
    1410  162.09   13.01   11.51    0.63    0.45
    1411  162.16   10.43    9.94    3.73    0.45
    1412  160.99    9.26    9.38    2.96    0.45
    1413  160.96    8.90    8.20    3.47    0.45
    1414  159.95    8.77    7.79    4.08    0.45
    1415  158.82    8.92    7.66    3.72    0.45
    1416  156.63    9.48    8.27    3.49    0.45
    1417  154.89    9.58    8.47    2.93    0.45
    1418  152.61    9.50    9.04    5.95    0.45
    1419  150.87    9.07    9.31    5.41    0.45
    1420  149.71    9.40    9.31    4.55    0.45
    1421  148.18    9.83    9.70    3.98    0.45
    1422  146.82   10.01    9.71    3.98    0.45
    1423  144.41    9.89   10.58    5.47    0.45
    1424  146.11    7.26    8.18    3.45    0.45
    1425  147.39    5.01    5.86    5.87    0.45
    1426  145.67    4.93    6.31    4.67    0.45
    1427  142.94    6.24    7.99    3.83    0.45
    1428  140.59    7.79    8.88    6.01    0.45
    1429  140.35    5.93    8.30    3.00    0.45
    1430  140.43    4.32    7.33    2.79    0.50
    1431  140.44    4.04    6.46    2.72    0.50
    1432  136.76    6.18    9.05    2.67    0.50
    1433  133.20    9.65   11.94    2.15    0.50
    1434  130.48   12.13   14.08    3.40    0.50
    1435  130.67   11.27   13.06    3.22    0.50
    1436  128.91   12.65   14.37    4.92    0.50
    1437  130.72    9.60   11.44    2.15    0.50
    1438  132.22    8.54    9.25    4.71    0.50
    1439  133.36    6.47    7.63    4.01    0.50
    1440  132.21    5.15    8.14    1.16    0.50
    1441  130.39    7.81    9.59    2.75    0.50
    1442  129.63    6.66    9.65    3.54    0.50
    1443  129.99    7.63    8.95    6.76    0.50
    1444  131.33    5.22    7.35    5.51    0.50
    1445  130.80    5.34    7.47    3.01    0.50
    1446  129.77    5.03    8.17    0.62    0.50
    1447  130.12    5.30    7.51    2.68    0.50
    1448  129.85    6.10    7.67    4.41    0.50
    1449  129.31    6.81    8.07    4.68    0.50
    1450  129.17    8.04    8.13    4.25    0.50
    1451  129.51    8.76    7.77    2.36    0.50
    1452  129.23    7.32    7.81    2.53    0.50
    1453  129.42    6.80    7.77    2.90    0.50
    1454  129.83    7.03    7.61    2.73    0.50
    1455  130.67    6.41    6.54    1.39    0.50
    1456  129.21    6.28    7.94    2.65    0.50
    1457  127.22    8.86   10.74    2.73    0.50
    1458  125.68   10.65   12.61    3.31    0.50
    1459  126.89   10.96   11.56    2.54    0.50
    1460  127.15    9.83   11.62    3.55    0.50
    1461  127.53    9.83   11.62    3.55    0.50
