       1  131.52    7.28    8.07    1.70    0.60
       2  132.41    6.37    7.46    3.12    0.60
       3  132.92    6.20    7.69    4.31    0.60
       4  132.49    6.76    8.48    2.61    0.60
       5  133.68    6.72    7.97    4.08    0.60
       6  134.69    6.63    7.54    4.02    0.60
       7  136.21    7.29    6.78    2.31    0.60
       8  137.70    6.78    6.04    2.30    0.60
       9  138.49    6.29    5.69    1.69    0.60
      10  139.04    6.46    6.20    1.46    0.60
      11  139.93    6.23    6.14    1.57    0.60
      12  140.60    7.39    6.43    0.73    0.60
      13  140.15    8.77    7.83    0.89    0.60
      14  140.03    8.85    8.57    0.56    0.60
      15  139.97    8.10    9.27    2.36    0.60
      16  142.16    8.56    8.49    2.99    0.60
      17  143.83    8.40    8.03    2.79    0.60
      18  144.64    8.45    7.81    3.52    0.60
      19  145.58    6.92    8.17    3.12    0.60
      20  146.51    8.43    8.50    4.34    0.60
      21  147.76    8.95    8.50    4.07    0.60
      22  150.47    9.13    7.42    2.48    0.60
      23  152.08    8.21    7.26    1.95    0.60
      24  153.53    7.34    6.80    4.26    0.60
      25  157.12    3.89    4.97    4.41    0.60
      26  158.87    2.43    4.63    4.29    0.60
      27  161.40    0.77    3.77    5.63    0.60
      28  162.79    0.38    3.95    3.29    0.60
      29  162.36    2.64    5.31    0.23    0.60
      30  164.55    3.20    4.75    4.96    0.60
      31  167.00    2.87    4.33    4.77    0.60
      32  167.94    3.75    4.93    3.49    0.60
      33  167.48    5.75    6.47    4.54    0.60
      34  168.99    6.09    6.51    2.04    0.60
      35  169.84    6.17    7.19    0.82    0.60
      36  171.88    6.39    7.16    0.92    0.60
      37  173.66    5.00    6.74    1.37    0.60
      38  175.47    4.45    6.95    2.72    0.60
      39  176.59    5.65    7.38    2.88    0.60
      40  177.87    7.11    7.91    4.21    0.60
      41  179.83    8.12    7.83    3.76    0.60
      42  182.95    8.58    7.06    3.13    0.60
      43  185.83    9.33    6.52    1.52    0.60
      44  184.16   10.10    8.49    2.98    0.60
      45  188.72    8.68    6.93    4.71    0.60
      46  191.57    6.98    6.42    3.45    0.60
      47  195.57    5.93    5.00    5.17    0.60
      48  197.91    4.63    4.77    4.70    0.60
      49  200.10    4.48    4.74    4.50    0.60
      50  201.69    5.82    5.10    3.62    0.60
      51  201.77    6.58    6.25    1.99    0.60
      52  202.97    6.13    6.65    4.36    0.60
      53  202.91    5.86    8.02    3.57    0.60
      54  203.10    8.26    9.43    3.21    0.60
      55  205.66    7.44    9.11    0.38    0.60
      56  212.46    7.30    6.39    3.57    0.60
      57  213.30    5.56    6.80    1.27    0.60
      58  213.74    6.08    7.48    3.60    0.60
      59  218.37    5.33    5.62    9.96    0.60
      60  219.05    4.61    6.33    4.52    0.50
      61  219.26    7.63    8.19    1.95    0.50
      62  224.89    6.25    6.23    1.35    0.50
      63  229.81    5.92    4.80    7.54    0.50
      64  229.97    5.76    5.96    3.21    0.50
      65  227.85    8.26    8.49    3.25    0.50
      66  234.85    7.31    5.42    4.23    0.50
      67  239.54    6.65    4.47    3.43    0.50
      68  239.92    8.59    5.33    1.63    0.50
      69  239.68   10.32    6.66    0.67    0.50
      70  233.72   13.13   11.65    2.09    0.50
      71  231.97   12.76   13.21    2.98    0.50
      72  234.51   12.32   12.92    1.76    0.50
      73  238.22   12.34   11.94    0.31    0.50
      74  241.48   13.93   11.50    0.54    0.50
      75  243.09   15.77   12.53    1.01    0.50
      76  246.93   18.02   11.31    3.06    0.50
      77  248.94   17.42   11.28    2.63    0.50
      78  248.59   16.32   12.14    2.57    0.50
      79  249.07   16.28   13.54    2.40    0.50
      80  247.22   15.67   15.14    4.68    0.50
      81  251.46   15.75   14.54    2.91    0.50
      82  253.77   13.63   13.97    4.14    0.50
      83  256.90   14.35   13.52    2.90    0.50
      84  258.26   14.03   13.59    5.67    0.50
      85  259.77   14.41   13.76    5.86    0.50
      86  266.03   13.51   11.89    3.71    0.50
      87  265.41   14.01   13.43    4.14    0.50
      88  265.76   14.86   13.43    3.61    0.50
      89  270.05   14.69   12.91    1.82    0.50
      90  272.07   19.11   13.09    2.12    0.50
      91  273.32   16.40   12.75    2.88    0.50
      92  275.22   12.73   12.92    4.20    0.50
      93  275.80   13.18   13.69    3.13    0.50
      94  278.79   12.92   13.01    0.87    0.50
      95  282.10   15.60   12.12    0.65    0.50
      96  284.82   17.65   12.10    2.30    0.50
      97  283.11   16.28   12.69    1.89    0.50
      98  290.88   15.19   10.78    4.58    0.50
      99  303.25   11.90    6.29    6.79    0.50
     100  305.26   11.52    6.22    4.04    0.50
     101  303.97   12.97    7.44    3.31    0.50
     102  303.35   14.71    8.72    3.90    0.50
     103  302.31   15.91    9.69    1.73    0.50
     104  300.76   13.29   10.94    5.51    0.50
     105  305.81   11.61    9.49    6.66    0.50
     106  306.38   11.42    9.75    5.83    0.50
     107  302.67   14.19   12.45    4.23    0.50
     108  304.49   15.11   12.16    4.46    0.50
     109  307.34   13.83   11.82    3.84    0.50
     110  308.78   13.73   11.92    3.90    0.50
     111  309.78   15.05   12.29    2.27    0.50
     112  308.47   15.24   13.52    3.42    0.50
     113  312.42   13.26   12.50    3.00    0.50
     114  313.71   14.25   12.30    3.21    0.50
     115  318.94   14.74   10.99    2.75    0.50
     116  320.31   16.84   11.33    2.70    0.50
     117  320.76   19.06   12.06    2.61    0.50
     118  325.04   19.69   10.88    1.63    0.50
     119  325.48   20.86   10.99    1.40    0.50
     120  318.13   18.88   14.28    3.07    0.50
     121  321.87   17.64   13.30    2.41    0.45
     122  319.93   16.96   14.79    2.13    0.45
     123  325.75   17.30   13.08    3.52    0.45
     124  329.43   19.32   12.80    4.23    0.45
     125  329.74   20.46   12.50    4.95    0.45
     126  331.42   21.44   12.35    1.46    0.45
     127  325.06   20.54   15.18    2.30    0.45
     128  329.11   17.60   14.42    3.25    0.45
     129  330.65   18.24   13.95    2.54    0.45
     130  328.58   17.83   15.42    2.58    0.45
     131  327.34   16.85   15.59    2.11    0.45
     132  328.16   17.25   15.79    2.17    0.45
     133  335.73   15.68   13.39    4.16    0.45
     134  340.85   15.62   12.00    2.45    0.45
     135  339.31   16.46   12.96    3.59    0.45
     136  340.68   13.84   12.16    3.80    0.45
     137  343.27   16.33   11.81    4.54    0.45
     138  345.08   18.81   12.04    1.96    0.45
     139  347.58   21.67   11.61    1.90    0.45
     140  346.68   21.11   12.63    3.91    0.45
     141  343.00   19.28   13.79    5.04    0.45
     142  350.56   16.97   10.78    6.69    0.45
     143  351.94   18.91   11.36    3.22    0.45
     144  350.19   23.20   13.15    1.23    0.45
     145  345.66   23.29   14.30    1.58    0.45
     146  348.44   23.98   13.88    2.69    0.45
     147  340.09   21.96   17.95    1.75    0.45
     148  341.72   23.19   17.18    3.00    0.45
     149  344.24   22.02   17.23    0.31    0.45
     150  340.93   21.92   18.28    1.99    0.45
     151  338.16   23.38   19.84    1.20    0.45
     152  340.34   25.17   19.25    2.06    0.40
     153  345.52   24.73   17.46    1.32    0.40
     154  352.04   24.17   15.26    4.12    0.40
     155  351.54   23.97   15.52    2.70    0.40
     156  355.00   26.91   14.98    1.99    0.40
     157  354.11   28.27   15.78    2.02    0.40
     158  350.14   27.82   17.02    1.92    0.40
     159  351.41   28.73   16.70    2.78    0.40
     160  347.66   27.35   17.36    1.94    0.40
     161  344.40   26.64   18.30    2.01    0.40
     162  343.08   23.01   17.20    3.70    0.40
     163  347.85   19.51   16.54    3.88    0.40
     164  348.26   18.30   16.25    4.68    0.40
     165  349.64   20.27   16.16    3.85    0.40
     166  351.15   22.49   16.24    3.67    0.40
     167  350.79   26.96   17.61    1.91    0.40
     168  352.36   28.94   17.10    1.10    0.40
     169  353.39   28.94   17.87    1.05    0.40
     170  353.12   29.27   17.33    2.69    0.40
     171  347.78   29.85   19.69    1.64    0.40
     172  353.69   30.62   17.48    0.69    0.40
     173  350.98   29.85   17.59    3.54    0.40
     174  340.38   25.57   19.48    3.25    0.40
     175  344.60   23.34   18.70    4.04    0.40
     176  350.29   21.67   16.67    4.31    0.40
     177  348.12   22.09   16.64    3.01    0.40
     178  349.88   20.29   16.08    3.24    0.40
     179  348.13   20.05   16.52    3.51    0.40
     180  348.05   21.23   16.77    5.12    0.40
     181  349.13   21.56   16.40    5.44    0.40
     182  354.56   25.30   15.29    2.73    0.20
     183  352.53   28.15   16.64    2.24    0.20
     184  345.34   27.25   18.49    2.62    0.20
     185  346.30   24.79   18.42    4.83    0.20
     186  352.11   25.99   15.92    4.08    0.20
     187  344.48   26.84   19.15    3.10    0.20
     188  342.18   26.97   19.18    2.47    0.20
     189  339.14   27.49   19.90    3.32    0.20
     190  333.68   27.71   21.92    3.74    0.20
     191  333.41   27.54   22.62    2.35    0.20
     192  333.73   28.34   22.24    2.52    0.20
     193  337.92   28.46   21.26    2.55    0.20
     194  330.44   25.72   21.98    2.95    0.20
     195  335.62   25.26   19.27    2.74    0.20
     196  342.74   25.75   16.46    2.83    0.20
     197  341.37   23.69   17.05    3.86    0.20
     198  340.33   21.48   17.52    4.79    0.20
     199  341.30   22.47   16.85    5.29    0.20
     200  343.51   27.97   16.51    1.49    0.20
     201  348.09   29.57   16.18    1.30    0.20
     202  346.18   28.33   15.31    3.98    0.20
     203  331.35   24.17   19.56    4.72    0.20
     204  331.53   23.83   19.14    4.73    0.20
     205  329.33   21.74   19.44    5.28    0.20
     206  328.18   21.59   19.36    4.89    0.20
     207  326.23   22.06   20.23    3.05    0.20
     208  324.80   22.07   20.31    5.07    0.20
     209  329.04   21.05   18.36    3.00    0.20
     210  334.30   21.42   15.79    5.67    0.20
     211  338.18   22.55   14.27    4.41    0.20
     212  336.25   24.72   14.91    2.74    0.20
     213  331.22   24.47   16.32    2.69    0.20
     214  335.09   27.16   14.95    5.57    0.20
     215  332.99   27.82   13.78    2.56    0.20
     216  332.17   29.42   15.13    2.54    0.20
     217  331.62   29.79   15.90    1.80    0.20
     218  326.86   30.51   17.78    0.96    0.20
     219  322.38   30.31   18.40    1.72    0.20
     220  310.41   25.59   20.42    3.10    0.20
     221  313.45   21.03   19.28    3.81    0.20
     222  311.81   21.46   19.32    2.71    0.20
     223  310.19   22.48   19.63    2.27    0.20
     224  307.76   26.47   20.14    1.50    0.20
     225  311.17   28.37   19.57    0.56    0.20
     226  308.80   28.92   20.29    1.08    0.20
     227  311.70   28.56   18.91    2.66    0.20
     228  299.71   26.09   22.30    2.79    0.20
     229  299.67   23.88   21.69    2.67    0.20
     230  302.68   25.84   19.95    2.73    0.20
     231  309.89   26.62   17.22    1.01    0.20
     232  311.09   26.79   14.94    3.04    0.20
     233  317.81   25.91   12.26    6.05    0.20
     234  316.85   25.06   12.04    4.26    0.20
     235  317.13   26.46   10.98    3.05    0.20
     236  309.63   27.12   13.44    1.63    0.20
     237  302.13   24.57   16.27    3.31    0.20
     238  292.61   22.14   19.36    3.36    0.20
     239  298.59   23.26   16.67    4.10    0.20
     240  287.88   24.49   20.38    2.67    0.20
     241  287.89   26.46   19.68    2.24    0.20
     242  283.85   27.25   20.62    1.38    0.20
     243  282.33   23.29   20.51    2.71    0.20
     244  287.39   22.32   17.45    2.42    0.40
     245  287.14   24.97   17.68    1.26    0.40
     246  286.23   27.05   17.19    1.04    0.40
     247  292.42   27.40   13.86    2.53    0.40
     248  283.83   23.16   16.16    4.66    0.40
     249  275.76   19.36   17.94    4.51    0.40
     250  275.66   20.87   17.72    3.39    0.40
     251  278.94   21.92   14.71    2.06    0.40
     252  272.77   19.56   16.96    3.60    0.40
     253  274.13   18.88   15.93    4.14    0.40
     254  272.32   18.49   15.80    4.30    0.40
     255  271.15   20.46   15.68    3.51    0.40
     256  274.86   22.22   13.21    2.95    0.40
     257  268.16   23.39   14.65    3.23    0.40
     258  267.20   24.29   15.59    0.38    0.40
     259  255.80   22.34   20.34    2.61    0.40
     260  259.78   21.22   16.75    2.95    0.40
     261  275.81   19.86    8.02    5.77    0.40
     262  273.99   19.46    7.99    3.59    0.40
     263  271.75   20.91    7.53    1.18    0.40
     264  267.81   22.29    8.43    0.17    0.40
     265  265.22   22.40    9.12    0.42    0.40
     266  259.49   22.00   11.33    1.85    0.40
     267  245.38   18.84   17.23    3.22    0.40
     268  245.89   18.82   15.66    4.84    0.40
     269  247.65   21.70   13.32    4.86    0.40
     270  243.34   20.95   14.79    2.22    0.40
     271  246.01   21.27   13.22    1.94    0.40
     272  240.38   22.61   14.39    1.80    0.40
     273  239.99   23.11   13.43    1.61    0.40
     274  238.68   23.06   13.67    0.44    0.40
     275  237.96   22.39   12.47    5.89    0.40
     276  239.71   20.54   10.73    5.40    0.40
     277  238.93   18.98    9.00    3.69    0.40
     278  235.29   19.27    9.86    1.71    0.40
     279  234.79   20.32    8.78    0.50    0.40
     280  226.75   19.84   12.66    2.16    0.40
     281  222.30   21.13   14.20    0.66    0.40
     282  220.70   18.18   13.57    1.85    0.40
     283  214.46   18.55   16.35    3.17    0.40
     284  208.62   18.81   19.38    2.79    0.40
     285  210.01   15.97   17.28    1.77    0.40
     286  216.18   14.13   11.81    5.33    0.40
     287  213.70   13.48   12.22    1.14    0.40
     288  208.70   15.34   13.44    0.64    0.40
     289  205.95   17.60   14.07    0.84    0.40
     290  201.33   16.75   16.67    1.38    0.40
     291  201.75   15.18   14.92    0.28    0.40
     292  202.30   15.93   12.93    1.16    0.40
     293  195.92   14.54   15.91    2.83    0.40
     294  195.28   14.92   15.23    2.47    0.40
     295  190.37   16.06   17.41    2.75    0.40
     296  191.72   14.00   14.59    1.64    0.40
     297  191.71   15.72   13.58    1.39    0.40
     298  189.55   16.75   14.21    0.81    0.40
     299  185.79   16.90   14.47    4.26    0.40
     300  180.77   16.96   17.00    6.95    0.40
     301  178.97   16.55   17.68    3.88    0.40
     302  177.37   16.09   17.14    4.24    0.40
     303  174.58   16.22   18.16    4.45    0.40
     304  176.15   14.06   15.45    1.39    0.40
     305  175.61   14.23   14.24    2.08    0.45
     306  175.42   15.10   13.19    1.58    0.45
     307  172.42   14.25   14.45    0.85    0.45
     308  173.10   12.46   12.07    3.50    0.45
     309  174.38   11.05    9.74    3.86    0.45
     310  173.52   11.15    9.10    3.23    0.45
     311  172.74   11.52    8.50    2.90    0.45
     312  168.55   12.26   10.75    1.23    0.45
     313  166.10   11.71   11.04    4.37    0.45
     314  166.04   10.22    9.64    4.25    0.45
     315  164.57   10.46    9.48    4.54    0.45
     316  162.37   10.72   10.12    2.18    0.45
     317  161.41    8.51    9.58    5.60    0.45
     318  159.70    8.51    9.58    4.04    0.45
     319  158.50    7.53    9.49    0.43    0.45
     320  156.61    7.83    9.61    1.02    0.45
     321  155.24    8.48    9.88    0.62    0.45
     322  152.57   10.54   10.76    1.89    0.45
     323  147.85   12.34   13.63    7.94    0.45
     324  148.24   13.27   11.89    4.15    0.45
     325  146.41   13.20   12.55    2.60    0.45
     326  145.01   12.03   13.03    3.23    0.45
     327  144.81   11.06   11.84    3.00    0.45
     328  148.12    8.18    7.69    4.33    0.45
     329  146.51    6.73    8.10    2.37    0.45
     330  144.68    6.59    8.51    3.19    0.45
     331  144.66    4.71    7.90    1.62    0.45
     332  142.43    6.30    8.88    1.24    0.45
     333  141.02    7.19    8.98    3.62    0.45
     334  142.60    5.78    6.79    2.49    0.45
     335  139.73    7.55    8.58    4.73    0.50
     336  133.25   13.26   14.25    6.68    0.50
     337  133.29   11.25   13.26    2.26    0.50
     338  132.52   11.19   13.25    3.28    0.50
     339  132.45   11.26   12.74    0.72    0.50
     340  135.56    6.23    8.41    2.22    0.50
     341  135.32    6.14    8.08    3.67    0.50
     342  134.33    6.95    8.35    3.42    0.50
     343  132.74    8.94    9.35    4.58    0.50
     344  134.01    8.36    7.35    5.02    0.50
     345  133.96    5.81    6.85    4.46    0.50
     346  134.42    4.60    5.79    3.62    0.50
     347  133.63    3.99    6.16    4.66    0.50
     348  133.04    4.17    6.30    5.15    0.50
     349  132.76    4.08    6.23    4.52    0.50
     350  131.97    4.38    6.53    3.45    0.50
     351  132.44    4.73    6.00    2.33    0.50
     352  131.03    5.47    7.19    3.66    0.50
     353  129.93    5.71    7.96    3.63    0.50
     354  130.00    5.22    7.84    5.14    0.50
     355  129.79    6.28    7.87    5.25    0.50
     356  129.95    7.08    7.83    4.21    0.50
     357  129.17    6.97    8.41    2.88    0.50
     358  127.01    8.97   10.89    1.66    0.50
     359  126.98    8.65   10.89    2.45    0.50
     360  125.55   11.06   12.82    2.54    0.50
     361  127.29    9.34   11.23    2.35    0.50
     362  129.19    5.93    8.92    1.18    0.50
     363  130.61    5.72    7.88    1.27    0.50
     364  126.76   10.85   12.77    1.57    0.50
     365  127.23   10.14   12.20    2.32    0.50
     366  128.89    9.92   10.97    4.22    0.60
     367  131.23    6.60    8.76    2.42    0.60
     368  132.71    5.72    7.75    3.36    0.60
     369  134.17    5.31    6.79    3.21    0.60
     370  134.61    5.67    7.03    0.38    0.60
     371  132.85    7.20    9.29    2.03    0.60
     372  135.16    3.48    7.40    2.12    0.60
     373  136.45    3.54    7.06    2.75    0.60
     374  137.07    4.56    7.24    2.75    0.60
     375  137.54    4.40    7.28    4.36    0.60
     376  138.08    5.52    7.71    3.26    0.60
     377  138.80    6.26    7.85    3.70    0.60
     378  138.64    7.06    8.63    0.89    0.60
     379  138.90    7.67    9.59    0.51    0.60
     380  140.61    5.66    8.58    3.09    0.60
     381  141.63    6.20    8.71    2.59    0.60
     382  143.57    4.49    7.87    3.78    0.60
     383  144.14    5.86    8.35    2.71    0.60
     384  145.57    6.41    8.30    3.63    0.60
     385  146.48    8.30    8.61    2.24    0.60
     386  146.96    8.74    9.23    0.57    0.60
     387  148.37    8.68    9.25    1.13    0.60
     388  149.60    8.09    8.96    1.58    0.60
     389  151.31    8.06    8.45    2.59    0.60
     390  153.77    9.98    7.68    4.30    0.60
     391  153.06    8.13    9.33    2.95    0.60
     392  156.28    7.48    7.49    6.05    0.60
     393  161.33    3.66    5.09    4.14    0.60
     394  160.50    1.87    6.44    1.45    0.60
     395  162.91    4.20    5.72    5.15    0.60
     396  164.45    5.15    6.13    1.15    0.60
     397  164.47    6.94    7.65    1.00    0.60
     398  163.82    7.97    9.36    2.08    0.60
     399  164.14    8.90   10.74    0.52    0.60
     400  168.64    6.91    8.05    0.61    0.60
     401  171.90    5.39    6.85    4.25    0.60
     402  172.92    5.91    7.54    2.60    0.60
     403  174.48    7.75    7.71    2.28    0.60
     404  176.69    8.52    7.35    1.65    0.60
     405  177.90    9.32    7.76    1.83    0.60
     406  174.84   12.37   11.42    1.91    0.60
     407  178.21   11.96   10.47    2.46    0.60
     408  180.99   11.12    9.69    1.98    0.60
     409  183.86   10.19    8.99    0.58    0.60
     410  186.62   11.38    8.05    1.59    0.60
     411  188.18    9.95    8.25    1.64    0.60
     412  186.11    9.77   11.46    3.49    0.60
     413  189.46    8.92   10.62    2.77    0.60
     414  189.36   11.13   11.82    6.66    0.60
     415  195.41    8.94    8.99    6.82    0.60
     416  198.23    7.03    8.33    4.71    0.60
     417  201.20    6.97    7.80    4.01    0.60
     418  205.40    5.91    6.60    4.60    0.60
     419  208.54    5.02    6.05    0.02    0.60
     420  210.88    5.19    5.67    2.97    0.60
     421  207.37    5.99    9.01    3.99    0.60
     422  210.47    8.15    8.53    6.99    0.60
     423  214.90    6.98    7.51    0.88    0.60
     424  218.21    8.27    6.48    4.42    0.60
     425  222.55    7.31    5.57    3.95    0.50
     426  221.37    7.80    6.67    1.89    0.50
     427  217.78    9.35   10.66    3.82    0.50
     428  216.64   11.48   12.63    7.52    0.50
     429  226.97    8.27    7.60    7.08    0.50
     430  227.72    7.85    8.38    1.78    0.50
     431  225.61    9.54   10.68    0.61    0.50
     432  227.22   11.78   11.54    1.47    0.50
     433  229.19   10.38   11.22    3.07    0.50
     434  235.02    9.52    9.55    3.57    0.50
     435  233.39   11.72   11.36    3.74    0.50
     436  236.87   15.02   11.18    2.55    0.50
     437  242.31   15.25    9.25    2.75    0.50
     438  241.77   14.57   10.67    0.58    0.50
     439  241.39   13.66   11.64    2.63    0.50
     440  243.17   10.86   11.81    2.61    0.50
     441  243.69   10.59   12.42    5.72    0.50
     442  244.65   12.44   13.27    5.45    0.50
     443  248.63   11.52   12.16    5.21    0.50
     444  251.21   10.52   11.89    3.65    0.50
     445  254.55    9.75   11.20    1.81    0.50
     446  257.13   11.32   11.09    3.37    0.50
     447  253.70   14.56   13.98    8.13    0.50
     448  254.62   15.66   14.60    5.93    0.50
     449  257.17   14.32   14.17    2.48    0.50
     450  261.84   16.04   12.89    3.92    0.50
     451  261.39   15.33   13.89    2.08    0.50
     452  269.13   12.72   11.11    1.71    0.50
     453  273.59   12.91   10.06    1.04    0.50
     454  273.54   16.65   11.34    1.00    0.50
     455  274.20   16.52   11.42    1.76    0.50
     456  274.82   15.73   12.32    2.38    0.50
     457  279.59   16.62   11.00    2.91    0.50
     458  281.39   20.59   11.53    1.11    0.50
     459  277.02   16.11   13.76    4.90    0.50
     460  277.98   13.88   14.11    5.69    0.50
     461  281.43   13.54   13.67    5.48    0.50
     462  284.61   14.37   13.05    1.85    0.50
     463  289.63   15.72   11.57    0.92    0.50
     464  293.11   15.33   10.81    2.11    0.50
     465  293.20   15.69   11.55    1.00    0.50
     466  293.02   15.93   12.37    1.30    0.50
     467  292.67   16.78   14.59    2.19    0.50
     468  298.91   17.76   12.14    1.26    0.50
     469  293.77   15.06   13.86    4.52    0.50
     470  296.18   15.28   13.93    3.12    0.50
     471  301.63   13.61   11.84    3.23    0.50
     472  305.56   14.36   11.33    5.59    0.50
     473  308.54   15.53   10.70    2.66    0.50
     474  310.50   15.61   10.56    4.16    0.50
     475  305.08   15.42   13.42    4.93    0.50
     476  308.20   15.07   12.51    3.77    0.50
     477  310.09   11.41   11.96    4.00    0.50
     478  313.76   14.27   11.75    2.12    0.50
     479  312.91   19.55   13.27    5.18    0.50
     480  314.80   21.65   12.89    3.49    0.50
     481  309.37   21.43   15.51    1.43    0.50
     482  311.43   21.78   15.20    3.06    0.50
     483  319.34   19.89   12.55    5.41    0.50
     484  323.39   19.15   10.75    2.93    0.50
     485  325.63   19.65   10.77    0.83    0.50
     486  326.83   19.84   12.01    1.28    0.45
     487  328.74   20.13   11.35    1.32    0.45
     488  323.19   16.78   12.89    5.57    0.45
     489  327.14   15.85   12.45    6.07    0.45
     490  328.99   16.35   12.54    4.35    0.45
     491  333.47   16.97   11.73    3.21    0.45
     492  336.48   16.04   10.67    4.31    0.45
     493  337.29   15.63   10.92    2.71    0.45
     494  341.31   19.08   10.32    1.51    0.45
     495  340.49   22.16   11.03    0.85    0.45
     496  334.16   20.83   13.67    2.77    0.45
     497  332.90   18.66   14.77    2.20    0.45
     498  341.73   21.28   11.92    1.89    0.45
     499  345.44   22.38   11.09    1.95    0.45
     500  343.67   22.86   11.84    1.93    0.45
     501  336.96   25.41   15.24    0.98    0.45
     502  332.76   25.13   17.41    3.12    0.45
     503  339.13   21.58   14.68    5.77    0.45
     504  347.77   19.68   11.48    5.84    0.45
     505  347.10   20.40   12.26    3.39    0.45
     506  342.86   19.67   13.94    3.69    0.45
     507  346.26   17.57   12.81    4.00    0.45
     508  351.37   16.87   11.11    5.83    0.45
     509  355.61   19.51   10.60    3.79    0.45
     510  352.83   22.42   11.86    2.18    0.45
     511  343.91   22.78   15.30    3.52    0.45
     512  341.49   24.93   16.38    3.17    0.45
     513  336.79   27.54   19.19    2.07    0.45
     514  337.54   27.29   19.71    2.23    0.45
     515  335.36   21.65   20.16    5.51    0.45
     516  340.45   19.37   18.28    2.10    0.45
     517  340.20   20.47   18.17    2.56    0.40
     518  349.77   23.08   14.75    0.77    0.40
     519  354.30   24.44   13.66    3.04    0.40
     520  354.85   23.93   14.10    1.16    0.40
     521  360.60   25.63   13.15    1.67    0.40
     522  357.40   25.93   13.32    3.58    0.40
     523  343.50   24.20   16.98    3.41    0.40
     524  342.84   23.59   18.08    2.32    0.40
     525  344.43   20.57   17.64    3.21    0.40
     526  345.10   21.18   17.72    2.16    0.40
     527  345.93   24.94   18.23    1.68    0.40
     528  346.99   24.74   18.38    2.15    0.40
     529  339.87   22.95   20.53    2.34    0.40
     530  340.38   21.32   20.05    3.10    0.40
     531  343.31   20.79   18.22    4.37    0.40
     532  342.72   19.77   18.66    2.16    0.40
     533  343.22   18.50   18.43    2.62    0.40
     534  344.43   20.81   18.57    1.34    0.40
     535  343.77   24.14   19.37    3.36    0.40
     536  345.43   21.92   18.69    3.61    0.40
     537  347.90   25.17   18.28    1.59    0.40
     538  347.13   27.78   18.27    1.55    0.40
     539  345.25   26.92   19.40    2.60    0.40
     540  347.93   21.12   17.56    5.70    0.40
     541  348.90   20.43   16.73    5.24    0.40
     542  353.34   19.48   15.27    4.53    0.40
     543  349.97   19.61   16.31    2.68    0.40
     544  350.43   20.81   15.99    4.09    0.40
     545  347.92   21.02   16.90    2.57    0.40
     546  343.92   22.34   17.78    2.72    0.40
     547  342.95   21.97   18.61    2.67    0.20
     548  345.98   21.21   17.51    3.37    0.20
     549  345.61   21.30   16.89    3.02    0.20
     550  345.23   20.73   17.25    3.77    0.20
     551  346.02   21.62   17.15    5.48    0.20
     552  347.24   24.69   17.09    2.98    0.20
     553  350.77   28.06   16.03    1.71    0.20
     554  347.95   27.50   17.93    1.69    0.20
     555  347.87   29.90   17.55    0.69    0.20
     556  346.32   30.60   18.34    1.89    0.20
     557  347.40   32.49   18.22    3.06    0.20
     558  352.55   32.25   16.84    3.16    0.20
     559  346.94   31.13   17.90    0.60    0.20
     560  338.13   30.17   20.15    1.40    0.20
     561  332.89   30.59   21.53    0.37    0.20
     562  334.03   31.20   22.12    2.43    0.20
     563  331.36   31.03   21.94    3.05    0.20
     564  333.72   27.67   21.22    1.10    0.20
     565  327.79   23.16   21.46    3.44    0.20
     566  331.58   24.72   20.29    2.47    0.20
     567  335.58   25.94   18.71    3.24    0.20
     568  339.84   25.21   17.42    4.05    0.20
     569  330.00   25.89   20.64    3.62    0.20
     570  332.19   23.47   18.85    3.95    0.20
     571  334.58   24.07   18.05    3.62    0.20
     572  332.46   24.14   18.60    3.60    0.20
     573  331.47   22.97   18.39    5.21    0.20
     574  330.58   23.35   18.72    3.90    0.20
     575  331.55   26.11   18.28    3.61    0.20
     576  324.46   26.23   20.66    3.78    0.20
     577  324.66   25.03   20.04    4.92    0.20
     578  325.64   25.24   19.04    4.84    0.20
     579  320.22   25.95   21.46    2.96    0.20
     580  318.04   26.40   21.60    4.47    0.20
     581  319.81   28.52   18.89    1.90    0.20
     582  312.94   28.67   21.35    0.80    0.20
     583  325.49   29.83   16.03    1.63    0.20
     584  315.93   28.93   21.27    2.12    0.20
     585  314.63   28.70   20.91    1.03    0.20
     586  317.80   28.78   18.52    0.63    0.20
     587  313.31   28.53   20.93    0.58    0.20
     588  316.34   29.56   17.91    2.44    0.20
     589  317.49   28.79   18.41    3.21    0.20
     590  313.39   26.33   17.32    2.27    0.20
     591  306.09   23.12   19.85    3.64    0.20
     592  311.58   20.98   17.18    4.76    0.20
     593  308.88   19.03   17.38    4.80    0.20
     594  305.92   20.11   17.97    4.09    0.20
     595  306.53   18.88   16.90    2.95    0.20
     596  309.45   19.88   15.73    3.33    0.20
     597  309.41   23.96   15.30    3.71    0.20
     598  307.72   26.91   15.42    1.81    0.20
     599  299.93   27.59   19.58    0.67    0.20
     600  302.65   26.53   17.13    2.77    0.20
     601  298.56   25.33   18.46    3.93    0.20
     602  298.75   26.29   17.05    4.79    0.20
     603  295.00   26.03   18.51    4.73    0.20
     604  296.74   26.92   17.31    3.43    0.20
     605  291.51   27.45   19.66    2.92    0.20
     606  292.34   28.54   18.56    3.18    0.20
     607  296.83   29.67   15.16    2.59    0.20
     608  287.75   27.89   19.09    0.92    0.20
     609  286.68   27.78   18.82    0.94    0.40
     610  296.75   29.05   13.23    1.76    0.40
     611  292.88   30.03   14.96    1.54    0.40
     612  289.16   30.36   15.72    0.71    0.40
     613  283.87   28.47   17.83    0.21    0.40
     614  277.19   28.89   18.99    0.66    0.40
     615  278.59   30.09   17.90    0.58    0.40
     616  277.18   28.25   18.10    0.54    0.40
     617  271.12   28.30   19.76    0.87    0.40
     618  273.13   26.20   18.29    2.06    0.40
     619  274.77   23.60   15.58    1.83    0.40
     620  268.58   22.13   17.45    2.89    0.40
     621  266.28   19.52   17.20    3.48    0.40
     622  265.88   20.04   16.47    6.65    0.40
     623  264.33   18.89   16.18    4.85    0.40
     624  266.77   19.21   14.13    3.72    0.40
     625  261.41   20.81   15.58    2.10    0.40
     626  256.21   21.70   18.20    2.62    0.40
     627  256.85   23.04   16.69    0.78    0.40
     628  253.96   22.67   17.16    3.18    0.40
     629  247.95   19.68   18.80    4.32    0.40
     630  249.12   17.77   17.26    2.02    0.40
     631  247.06   17.51   17.25    2.61    0.40
     632  243.65   17.97   17.98    3.11    0.40
     633  238.25   20.64   20.61    1.56    0.40
     634  239.03   21.59   18.98    1.50    0.40
     635  235.55   20.96   18.50    2.45    0.40
     636  233.57   18.66   19.46    1.89    0.40
     637  233.78   18.21   18.49    1.62    0.40
     638  229.31   18.10   19.62    1.79    0.40
     639  230.23   19.64   18.62    1.17    0.40
     640  228.64   21.26   18.06    2.88    0.40
     641  227.37   18.58   17.42    3.68    0.40
     642  226.69   17.45   16.58    2.79    0.40
     643  228.21   17.08   14.41    2.71    0.40
     644  228.66   18.43   13.04    1.73    0.40
     645  220.23   20.36   17.50    2.91    0.40
     646  222.77   20.97   14.43    0.36    0.40
     647  218.77   20.77   15.69    0.88    0.40
     648  212.11   18.69   18.34    2.27    0.40
     649  211.72   18.36   17.89    0.85    0.40
     650  218.08   17.85   12.36    4.29    0.40
     651  215.66   18.70   12.28    1.96    0.40
     652  208.77   19.31   15.01    1.66    0.40
     653  202.92   18.27   17.19    3.37    0.40
     654  201.16   17.48   17.42    5.36    0.40
     655  199.01   18.45   17.99    7.11    0.40
     656  198.01   17.30   17.26    6.36    0.40
     657  195.69   16.77   17.60    4.89    0.40
     658  191.41   17.20   19.24    6.33    0.40
     659  191.38   16.80   18.29    2.38    0.40
     660  187.07   18.47   20.04    6.99    0.40
     661  185.35   18.33   19.88    5.79    0.40
     662  182.77   18.30   20.46    6.41    0.40
     663  182.91   18.03   18.89    8.44    0.40
     664  184.19   15.53   15.92    6.00    0.40
     665  182.56   16.11   15.96    3.66    0.40
     666  179.68   19.72   17.13    4.11    0.40
     667  178.93   21.09   17.26    3.43    0.40
     668  177.81   19.95   16.18    0.41    0.40
     669  174.64   17.75   16.66    0.67    0.40
     670  173.27   18.03   16.14    0.27    0.45
     671  168.39   17.74   19.22    4.27    0.45
     672  166.68   17.71   19.11    3.27    0.45
     673  165.95   17.29   18.24    2.48    0.45
     674  165.77   16.02   16.94    2.22    0.45
     675  164.20   15.52   16.58    1.39    0.45
     676  163.57   14.60   16.26    0.48    0.45
     677  162.60   13.84   15.23    1.00    0.45
     678  161.47   14.17   14.94    2.91    0.45
     679  161.48   14.74   13.84    3.68    0.45
     680  161.25   14.23   12.52    3.56    0.45
     681  161.40   13.52   11.13    2.87    0.45
     682  160.00   13.17   11.17    2.14    0.45
     683  156.64   13.01   11.96    0.91    0.45
     684  152.57   13.61   14.28    6.52    0.45
     685  151.22   14.47   14.64    3.00    0.45
     686  153.65   10.89   11.21    3.39    0.45
     687  148.78   13.59   14.71    2.97    0.45
     688  147.29   13.73   14.86    0.65    0.45
     689  147.16   11.52   13.27    0.43    0.45
     690  145.75   11.53   13.40    2.02    0.45
     691  143.00   13.16   14.95    2.26    0.45
     692  141.61   13.60   15.36    4.62    0.45
     693  138.54   16.33   17.37   10.31    0.45
     694  141.37   12.55   13.46    3.50    0.45
     695  142.09    9.18   11.37    1.94    0.45
     696  139.86   12.25   12.32    4.30    0.45
     697  138.76   11.50   12.47    0.71    0.45
     698  139.98    8.15   10.00    4.36    0.45
     699  138.93    9.43   10.28    3.00    0.45
     700  136.51   11.32   11.61    1.14    0.50
     701  134.71   11.34   12.71    1.71    0.50
     702  135.06    9.35   11.34    1.66    0.50
     703  131.09   13.03   14.71    2.37    0.50
     704  131.19   12.64   13.98    4.44    0.50
     705  133.48    8.10   10.66    0.95    0.50
     706  131.68   10.00   11.92    4.23    0.50
     707  130.91   11.81   11.93    5.43    0.50
     708  133.72    6.61    8.40    3.08    0.50
     709  134.02    5.97    7.37    4.94    0.50
     710  133.49    6.16    7.38    4.92    0.50
     711  131.99    7.04    8.37    4.17    0.50
     712  131.48    7.08    8.40    4.46    0.50
     713  131.00    7.16    8.46    3.98    0.50
     714  130.69    6.98    8.43    3.39    0.50
     715  130.49    6.32    8.36    3.12    0.50
     716  130.05    7.51    8.62    2.50    0.50
     717  130.56    7.10    7.68    2.27    0.50
     718  131.29    4.34    6.80    3.11    0.50
     719  131.96    2.97    5.93    3.60    0.50
     720  130.99    3.97    6.63    4.72    0.50
     721  131.78    3.53    5.92    3.61    0.50
     722  131.21    2.69    6.41    3.89    0.50
     723  130.63    3.77    6.99    4.17    0.50
     724  130.71    4.61    7.13    3.25    0.50
     725  130.03    6.00    7.89    2.97    0.50
     726  129.07    7.75    8.82    1.72    0.50
     727  128.62    8.58    9.56    1.29    0.50
     728  129.02    8.21    9.35    1.36    0.50
     729  128.82    9.04    9.97    1.59    0.50
     730  129.73    9.79    9.92    1.79    0.50
     731  129.93    9.75    9.83    2.58    0.60
     732  130.46    8.62    9.69    3.52    0.60
     733  134.01    7.96    6.83    3.09    0.60
     734  134.05    8.86    7.03    1.55    0.60
     735  132.41    8.88    9.10    2.50    0.60
     736  133.00    8.79    9.29    1.82    0.60
     737  133.24    8.53    9.50    0.92    0.60
     738  133.48    7.56   10.01    1.28    0.60
     739  135.02    7.59    9.28    2.88    0.60
     740  134.91    7.87    9.79    1.92    0.60
     741  137.41    7.72    8.41    4.23    0.60
     742  139.31    8.08    7.76    3.38    0.60
     743  140.45    9.01    7.69    2.93    0.60
     744  141.02    9.01    7.79    2.10    0.60
     745  140.89   10.52    9.11    0.46    0.60
     746  141.07    9.28    9.43    0.23    0.60
     747  142.69    9.86    9.00    0.89    0.60
     748  143.66   10.91    9.22    1.51    0.60
     749  144.45   10.62    9.62    3.23    0.60
     750  145.70   11.03    9.34    1.61    0.60
     751  147.69   10.21    8.63    1.78    0.60
     752  148.08    7.64    9.23    3.42    0.60
     753  151.68    5.11    7.22    1.55    0.60
     754  154.32    4.36    6.18    2.49    0.60
     755  155.45    4.41    6.26    2.57    0.60
     756  158.28    2.23    5.12    6.17    0.60
     757  157.87    3.49    6.54    6.67    0.60
     758  157.54    4.45    7.61    4.85    0.60
     759  157.47    7.61    9.39    1.08    0.60
     760  158.60    7.32    9.64    1.46    0.60
     761  161.17    7.43    8.94    2.45    0.60
     762  164.38    5.85    7.69    3.94    0.60
     763  164.16    8.40    8.78    2.03    0.60
     764  163.73    8.40   10.72    2.76    0.60
     765  165.66    8.51   10.62    1.41    0.60
     766  168.34    7.98    9.94    1.78    0.60
     767  171.44    7.23    8.71    2.03    0.60
     768  170.06    9.24   11.19    3.93    0.60
     769  166.88   13.60   15.26    5.95    0.60
     770  172.06   12.19   12.49    3.73    0.60
     771  170.45   14.48   15.38    4.20    0.60
     772  172.63   13.20   15.02    4.70    0.60
     773  173.84   13.70   15.25    4.31    0.60
     774  176.40   14.43   15.01    4.78    0.60
     775  180.95   14.45   13.26    2.77    0.60
     776  182.41   12.43   12.90    3.59    0.60
     777  184.72   12.17   12.18    5.94    0.60
     778  190.43    9.17   10.01    2.53    0.60
     779  192.93    9.01    9.28    3.69    0.60
     780  195.80    7.25    8.69    1.90    0.60
     781  196.42    9.50   10.06    3.51    0.60
     782  200.77    7.87    8.18    1.54    0.60
     783  196.62   11.72   12.59    3.79    0.60
     784  197.16   12.96   13.59    4.12    0.60
     785  199.95   12.78   13.13    3.16    0.60
     786  203.22   10.91   12.13    1.91    0.60
     787  207.23    9.00   10.78    0.72    0.60
     788  209.06    9.35   10.93    0.81    0.60
     789  211.41    9.63   10.82    0.69    0.60
     790  213.76    9.95   10.68    0.98    0.50
     791  215.41   10.80   10.99    1.36    0.50
     792  217.67   12.79   10.87    0.61    0.50
     793  218.83   12.07   11.43    2.82    0.50
     794  223.77   11.65    9.76    1.61    0.50
     795  225.17   13.30    9.96    3.71    0.50
     796  222.95   14.96   12.91    6.16    0.50
     797  231.08   12.61    9.60    5.64    0.50
     798  234.94   12.34    8.38    3.41    0.50
     799  236.71   14.60    8.80    5.62    0.50
     800  243.42   12.30    6.27    3.81    0.50
     801  242.78   11.73    7.39    0.77    0.50
     802  244.54   14.29    7.88    2.37    0.50
     803  246.53   13.46    7.99    2.49    0.50
     804  246.51   13.36    9.37    1.89    0.50
     805  250.21   13.80    8.27    2.35    0.50
     806  248.72   14.04    9.54    2.90    0.50
     807  251.01   14.07   10.02    1.25    0.50
     808  253.53   11.26    9.68    8.02    0.50
     809  260.60    8.76    6.91    6.17    0.50
     810  263.89    8.18    6.21    6.87    0.50
     811  266.92    7.78    5.98    3.10    0.50
     812  262.74   10.34    9.18    2.45    0.50
     813  264.20   12.32    9.41    1.75    0.50
     814  265.40   11.25    9.53    2.77    0.50
     815  264.29    9.93   11.17    1.00    0.50
     816  270.27   11.03    9.58    5.63    0.50
     817  271.71   11.22    9.71    6.83    0.50
     818  274.27   12.56    9.81    4.64    0.50
     819  276.44   11.99    9.51    3.59    0.50
     820  275.09   12.81   11.12    4.35    0.50
     821  282.31    9.94    8.58    3.23    0.50
     822  282.11    8.77    9.19    2.35    0.50
     823  284.10    9.18    9.60    1.32    0.50
     824  286.42   10.83    9.38    4.93    0.50
     825  290.73   11.19    8.23    3.82    0.50
     826  292.45   11.67    8.46    3.62    0.50
     827  289.58   11.72   10.22    1.10    0.50
     828  288.50   12.09   11.67    1.00    0.50
     829  288.73   12.54   12.42    1.39    0.50
     830  292.54   13.17   12.15    0.31    0.50
     831  292.64   13.00   12.27    1.26    0.50
     832  289.76   13.74   14.24    1.50    0.50
     833  295.68   14.62   12.63    3.98    0.50
     834  299.78   15.67   11.73    2.02    0.50
     835  300.59   17.49   12.20    0.34    0.50
     836  299.95   18.09   13.20    3.59    0.50
     837  303.01   18.32   12.02    4.59    0.50
     838  305.65   17.34   12.30    0.64    0.50
     839  302.56   16.82   14.03    1.69    0.50
     840  300.95   16.41   15.74    1.18    0.50
     841  303.33   17.96   14.94    1.77    0.50
     842  308.40   19.06   13.64    3.45    0.50
     843  306.26   19.94   15.09    2.24    0.50
     844  308.30   20.07   15.03    2.42    0.50
     845  311.32   16.57   14.47    3.61    0.50
     846  320.16   14.74   11.25    4.34    0.50
     847  321.12   13.73   11.70    2.92    0.50
     848  321.47   13.66   12.38    4.23    0.50
     849  320.60   14.54   12.63    3.82    0.50
     850  323.84   14.38   11.80    5.32    0.50
     851  326.55   12.71   10.96    4.27    0.45
     852  320.24   14.95   14.30    6.19    0.45
     853  323.99   14.20   12.93    3.98    0.45
     854  323.80   15.59   13.72    4.69    0.45
     855  329.36   17.07   12.39    4.08    0.45
     856  337.47   17.88   10.02    5.11    0.45
     857  336.67   20.28   10.98    2.27    0.45
     858  331.05   22.78   13.87    0.69    0.45
     859  332.95   23.02   14.33    2.33    0.45
     860  334.46   22.06   12.79    2.46    0.45
     861  337.69   18.67   12.28    3.26    0.45
     862  333.10   18.94   13.95    3.18    0.45
     863  334.69   17.51   13.63    5.29    0.45
     864  342.22   15.70   11.47    4.33    0.45
     865  344.87   18.10   11.08    4.10    0.45
     866  344.06   21.58   11.94    3.56    0.45
     867  342.87   24.12   13.32    3.85    0.45
     868  341.04   26.01   15.32    2.81    0.45
     869  335.44   24.89   16.85    2.08    0.45
     870  332.24   20.72   17.91    2.68    0.45
     871  343.30   16.28   13.73    4.35    0.45
     872  345.86   16.41   13.05    1.03    0.45
     873  342.48   17.44   14.60    0.43    0.45
     874  341.03   16.69   15.41    1.83    0.45
     875  345.96   15.32   13.40    2.43    0.45
     876  347.11   16.23   13.52    2.87    0.45
     877  348.47   16.66   12.81    6.55    0.45
     878  353.14   16.97   12.00    5.07    0.45
     879  351.59   17.93   12.67    3.94    0.45
     880  344.04   17.84   15.65    3.78    0.45
     881  347.33   18.30   14.68    4.37    0.45
     882  350.44   19.28   13.79    3.97    0.40
     883  350.96   23.61   14.83    4.19    0.40
     884  353.51   25.01   14.62    2.65    0.40
     885  353.19   25.22   15.01    2.27    0.40
     886  345.94   25.00   16.66    2.74    0.40
     887  344.94   23.45   16.25    2.97    0.40
     888  349.87   23.10   15.47    3.25    0.40
     889  345.02   20.01   17.41    2.27    0.40
     890  346.85   19.57   16.84    2.81    0.40
     891  347.56   18.88   16.44    3.13    0.40
     892  348.94   19.32   16.09    2.47    0.40
     893  347.80   20.13   16.27    3.45    0.40
     894  349.67   18.79   16.08    4.20    0.40
     895  344.62   18.71   18.03    5.78    0.40
     896  343.22   19.35   18.65    3.30    0.40
     897  340.56   19.42   19.80    5.88    0.40
     898  342.73   20.11   19.24    4.97    0.40
     899  346.48   19.14   17.63    2.28    0.40
     900  347.10   19.07   17.28    3.69    0.40
     901  350.73   18.30   15.78    3.03    0.40
     902  354.70   18.46   14.19    5.12    0.40
     903  355.05   19.85   14.26    4.75    0.40
     904  354.40   23.47   15.48    3.36    0.40
     905  352.07   21.96   16.09    4.01    0.40
     906  351.06   19.64   15.74    5.35    0.40
     907  355.28   20.26   14.61    4.17    0.40
     908  354.33   21.93   15.18    2.59    0.40
     909  354.45   23.10   15.38    2.69    0.40
     910  355.75   22.63   14.98    2.92    0.40
     911  348.39   23.02   17.25    3.80    0.40
     912  347.64   20.68   16.67    5.13    0.20
     913  346.92   21.43   17.06    5.06    0.20
     914  342.47   22.09   18.82    5.98    0.20
     915  344.44   24.67   18.14    6.25    0.20
     916  352.63   27.80   15.39    4.00    0.20
     917  349.16   28.09   17.97    0.89    0.20
     918  346.20   27.70   18.29    2.35    0.20
     919  347.72   25.35   17.34    5.18    0.20
     920  352.51   24.38   14.33    6.37    0.20
     921  351.98   25.82   14.58    5.03    0.20
     922  350.22   27.71   15.77    2.92    0.20
     923  343.51   28.43   18.13    1.66    0.20
     924  345.50   27.86   17.30    2.47    0.20
     925  347.82   27.63   16.22    2.63    0.20
     926  335.17   22.00   19.41    3.71    0.20
     927  338.65   21.57   18.50    2.54    0.20
     928  344.93   22.67   15.49    4.43    0.20
     929  350.36   22.09   13.16    5.20    0.20
     930  345.83   19.89   14.25    6.47    0.20
     931  346.72   20.47   13.75    5.59    0.20
     932  346.70   20.42   13.86    5.72    0.20
     933  341.72   20.50   15.23    4.09    0.20
     934  332.49   20.80   18.08    2.95    0.20
     935  338.22   23.11   16.18    3.45    0.20
     936  340.14   25.57   16.03    2.18    0.20
     937  339.60   25.82   16.11    3.59    0.20
     938  339.83   26.34   16.59    3.26    0.20
     939  335.92   29.85   17.85    3.06    0.20
     940  331.71   31.75   19.24    1.86    0.20
     941  340.70   32.17   16.78    3.28    0.20
     942  336.97   28.52   15.93    3.17    0.20
     943  326.56   22.63   18.18    4.20    0.20
     944  324.26   24.80   19.36    1.79    0.20
     945  330.65   29.24   16.54    1.08    0.20
     946  322.33   30.24   19.86    2.02    0.20
     947  310.99   25.27   23.42    3.42    0.20
     948  320.97   22.67   18.44    5.54    0.20
     949  324.54   24.07   16.78    3.47    0.20
     950  327.55   26.20   16.04    2.85    0.20
     951  323.00   26.76   15.99    0.85    0.20
     952  318.78   26.25   18.48    3.61    0.20
     953  312.78   23.69   18.48    3.26    0.20
     954  314.82   20.25   17.46    4.68    0.20
     955  313.12   21.35   17.95    3.27    0.20
     956  313.66   22.66   16.30    3.30    0.20
     957  303.94   21.07   20.26    3.15    0.20
     958  313.38   22.72   15.64    5.67    0.20
     959  316.12   25.13   14.89    3.56    0.20
     960  315.30   25.44   15.25    2.80    0.20
     961  308.86   24.73   16.04    5.11    0.20
     962  312.85   24.87   13.83    6.37    0.20
     963  308.53   23.57   14.36    6.26    0.20
     964  317.16   22.76   11.19    6.05    0.20
     965  311.56   23.70   13.15    4.85    0.20
     966  306.29   24.75   15.10    2.30    0.20
     967  289.47   21.28   18.49    1.65    0.20
     968  288.42   23.10   20.31    1.37    0.20
     969  286.90   25.84   19.27    1.87    0.20
     970  287.55   22.66   18.75    2.93    0.20
     971  288.13   19.22   18.02    3.80    0.20
     972  284.57   21.21   18.63    1.14    0.20
     973  293.96   24.84   14.28    5.51    0.20
     974  281.29   24.95   19.11    1.61    0.40
     975  278.47   25.54   20.61    0.74    0.40
     976  281.58   25.53   18.54    2.15    0.40
     977  279.29   25.62   18.65    1.23    0.40
     978  276.16   26.29   19.01    1.62    0.40
     979  276.32   25.87   19.20    0.84    0.40
     980  273.66   24.56   19.61    1.43    0.40
     981  267.97   21.92   19.44    2.88    0.40
     982  270.45   18.99   18.35    1.79    0.40
     983  267.86   21.22   18.43    1.21    0.40
     984  264.65   21.98   19.13    0.87    0.40
     985  264.09   19.57   19.21    1.36    0.40
     986  262.25   20.47   18.90    1.09    0.40
     987  259.43   20.63   19.07    1.29    0.40
     988  257.52   22.68   18.66    0.54    0.40
     989  256.37   21.94   19.04    2.39    0.40
     990  253.53   20.02   19.22    2.20    0.40
     991  254.72   20.13   17.48    0.94    0.40
     992  252.13   20.43   17.66    2.72    0.40
     993  250.73   21.30   17.86    0.42    0.40
     994  248.51   20.93   19.27    0.44    0.40
     995  250.00   20.40   17.56    2.37    0.40
     996  245.22   21.59   18.31    1.34    0.40
     997  245.34   22.55   17.78    1.95    0.40
     998  244.70   21.43   16.82    2.09    0.40
     999  248.04   20.76   13.66    4.35    0.40
    1000  249.68   19.46   11.51    4.41    0.40
    1001  240.04   18.11   15.24    3.18    0.40
    1002  235.82   17.87   16.90    4.07    0.40
    1003  228.23   19.14   20.69    6.00    0.40
    1004  226.41   18.94   20.26    5.18    0.40
    1005  227.76   16.40   17.96    2.25    0.40
    1006  229.98   15.53   15.67    1.33    0.40
    1007  227.48   17.11   15.69    0.44    0.40
    1008  224.60   17.90   16.39    0.54    0.40
    1009  223.24   18.74   15.98    1.13    0.40
    1010  220.82   19.23   16.48    1.83    0.40
    1011  218.73   20.14   16.65    2.79    0.40
    1012  219.30   20.00   15.14    4.77    0.40
    1013  220.10   18.85   13.51    4.30    0.40
    1014  219.57   16.82   12.33    5.26    0.40
    1015  216.27   15.95   13.12    4.18    0.40
    1016  211.98   17.45   14.55    2.60    0.40
    1017  208.20   18.61   16.10    1.88    0.40
    1018  206.37   18.05   15.95    1.13    0.40
    1019  205.30   17.38   15.24    1.20    0.40
    1020  203.58   17.38   15.04    3.02    0.40
    1021  202.35   17.67   14.54    4.11    0.40
    1022  199.65   17.21   14.99    4.45    0.40
    1023  198.87   17.82   14.37    2.28    0.40
    1024  199.42   17.40   11.64    0.51    0.40
    1025  194.88   15.62   13.62    0.99    0.40
    1026  196.15   16.27   11.99    1.85    0.40
    1027  190.54   15.76   14.32    0.54    0.40
    1028  190.74   14.70   12.60    2.65    0.40
    1029  192.66   13.22   10.24    3.58    0.40
    1030  190.97   12.86   10.02    4.58    0.40
    1031  186.90   13.65   11.47    3.98    0.40
    1032  185.50   15.08   10.93    2.79    0.40
    1033  183.77   13.90   11.09    4.29    0.40
    1034  183.91   12.37    9.50    4.35    0.40
    1035  183.01   11.74    8.81    4.05    0.45
    1036  180.41   13.19    9.55    3.29    0.45
    1037  176.98   13.65   10.37    3.30    0.45
    1038  175.28   13.63   10.54    2.99    0.45
    1039  174.35   14.40    9.97    3.24    0.45
    1040  173.37   14.53    9.81    3.46    0.45
    1041  171.02   14.07   10.11    2.54    0.45
    1042  167.78   14.42   11.42    1.73    0.45
    1043  168.73   15.07    9.39    3.23    0.45
    1044  166.09   13.52   10.28    2.77    0.45
    1045  163.08   13.46   11.20    2.02    0.45
    1046  164.78   13.85    8.18    1.94    0.45
    1047  164.37   12.72    7.40    2.52    0.45
    1048  162.63   11.21    7.89    3.70    0.45
    1049  159.25   10.36    9.02    4.24    0.45
    1050  160.29    9.96    6.63    4.05    0.45
    1051  161.21    7.99    5.06    4.08    0.45
    1052  160.33    9.24    4.72    0.97    0.45
    1053  153.03   11.31    9.12    4.42    0.45
    1054  144.20   15.04   16.42    6.15    0.45
    1055  146.17   11.34   13.22    2.19    0.45
    1056  146.65   10.38   11.51    2.38    0.45
    1057  147.74    7.84    9.31    2.19    0.45
    1058  148.05    7.44    7.76    6.28    0.45
    1059  147.26    7.49    7.39    6.92    0.45
    1060  145.23    7.95    8.26    5.61    0.45
    1061  144.08    8.09    8.15    4.42    0.45
    1062  143.61    7.73    7.65    1.71    0.45
    1063  142.95    7.58    7.31    1.80    0.45
    1064  141.95    7.28    7.49    2.70    0.45
    1065  140.65    7.92    7.75    1.80    0.50
    1066  137.82    8.99    9.55    2.06    0.50
    1067  136.60    8.91    9.83    2.08    0.50
    1068  134.61   10.07   11.25    2.82    0.50
    1069  135.01    9.72    9.87    1.65    0.50
    1070  133.42   10.30   10.62    2.12    0.50
    1071  132.56    9.51   10.57    2.58    0.50
    1072  131.04   10.25   11.64    0.85    0.50
    1073  130.82    9.17   11.44    1.12    0.50
    1074  131.80    7.40    9.61    1.84    0.50
    1075  133.21    6.86    7.68    3.85    0.50
    1076  133.89    6.37    6.53    4.37    0.50
    1077  133.32    5.57    6.51    3.63    0.50
    1078  132.49    5.69    6.93    3.52    0.50
    1079  132.03    5.79    6.57    2.58    0.50
    1080  133.39    4.40    5.55    2.85    0.50
    1081  130.66    5.84    7.71    1.74    0.50
    1082  128.86    9.44    9.32    6.12    0.50
    1083  130.11   12.05    8.30    7.63    0.50
    1084  128.76   12.22    9.86    4.97    0.50
    1085  127.22    9.29   10.31    3.57    0.50
    1086  127.45    8.94   10.16    4.82    0.50
    1087  127.93    8.64    9.81    4.50    0.50
    1088  128.76    7.58    9.06    4.18    0.50
    1089  128.26    7.48    9.50    0.43    0.50
    1090  126.95    9.01   11.07    2.63    0.50
    1091  129.47    6.37    8.53    4.57    0.50
    1092  130.12    6.92    8.20    2.95    0.50
    1093  130.87    7.20    7.52    2.07    0.50
    1094  131.61    6.39    7.21    2.80    0.50
    1095  132.05    6.10    7.10    3.25    0.50
    1096  130.93    7.90    8.57    2.22    0.60
    1097  127.24   12.36   13.14    5.73    0.60
    1098  129.60    9.70   10.91    5.55    0.60
    1099  131.65    6.95    9.31    0.22    0.60
    1100  130.94    8.60   10.70    2.12    0.60
    1101  128.76   11.99   13.87    1.13    0.60
    1102  130.81   10.21   11.96    1.95    0.60
    1103  133.15    9.64   10.45    2.18    0.60
    1104  133.33    8.68   10.90    0.39    0.60
    1105  134.78    8.49   10.38    0.27    0.60
    1106  134.49    8.92   11.18    2.93    0.60
    1107  139.08    4.73    7.67    0.32    0.60
    1108  138.59    7.12    8.87    3.67    0.60
    1109  137.18    9.62   11.54    1.57    0.60
    1110  139.10    8.80   10.51    3.71    0.60
    1111  137.85   12.34   12.48    3.92    0.60
    1112  140.89    8.90   10.85    0.59    0.60
    1113  141.42    9.77   11.12    2.79    0.60
    1114  143.79   10.05   10.17    4.06    0.60
    1115  144.65   11.82   10.36    2.28    0.60
    1116  146.02   12.17   10.20    2.00    0.60
    1117  147.44   11.99   10.00    3.22    0.60
    1118  149.63   11.30    9.22    3.63    0.60
    1119  151.02   10.44    9.12    1.74    0.60
    1120  152.63    8.95    8.90    3.37    0.60
    1121  155.04    9.06    8.08    2.33    0.60
    1122  156.15    8.70    8.22    3.24    0.60
    1123  158.03    8.67    8.02    2.55    0.60
    1124  159.69   10.23    7.76    0.53    0.60
    1125  161.60   10.14    7.47    1.53    0.60
    1126  162.74    8.45    7.87    3.16    0.60
    1127  164.94    7.63    7.29    1.49    0.60
    1128  162.49    8.63   10.35    2.69    0.60
    1129  161.91   11.06   12.34    5.31    0.60
    1130  164.73   10.08   11.66    1.42    0.60
    1131  167.96    9.58   10.42    0.92    0.60
    1132  170.15   10.73    9.92    3.93    0.60
    1133  172.53   11.43    9.37    2.34    0.60
    1134  174.92   11.57    8.66    2.40    0.60
    1135  178.02   11.53    8.21    3.00    0.60
    1136  180.28   10.70    7.85    3.15    0.60
    1137  180.98   10.49    8.27    2.60    0.60
    1138  182.17   10.99    8.57    3.79    0.60
    1139  184.68   10.25    8.60    4.68    0.60
    1140  185.64   10.93    9.45    4.19    0.60
    1141  185.41   12.02   11.00    1.52    0.60
    1142  187.52   12.17   10.53    3.91    0.60
    1143  189.62   10.14   10.21    3.51    0.60
    1144  188.04   11.81   13.03    1.34    0.60
    1145  188.72   12.53   13.92    2.85    0.60
    1146  192.18   12.24   13.02    1.00    0.60
    1147  194.27   13.46   12.88    2.26    0.60
    1148  195.60   12.71   12.48    2.43    0.60
    1149  198.80   12.06   12.71    4.94    0.60
    1150  199.74   12.51   13.14    2.37    0.60
    1151  202.52   12.39   12.52    1.18    0.60
    1152  206.22   13.67   11.78    1.28    0.60
    1153  208.64   13.64   11.16    0.92    0.60
    1154  208.97   11.87   12.24    0.36    0.60
    1155  212.73   12.12   11.40    1.36    0.50
    1156  215.06   14.82   11.30    1.45    0.50
    1157  217.02   15.79   11.06    1.07    0.50
    1158  218.58   15.94   11.26    2.44    0.50
    1159  228.14   14.44    7.66    7.86    0.50
    1160  233.46    8.37    5.59    6.30    0.50
    1161  235.10    7.45    5.76    2.98    0.50
    1162  235.61    9.55    6.70    3.21    0.50
    1163  235.09   10.02    8.06    3.06    0.50
    1164  234.11   12.00   10.19    4.10    0.50
    1165  234.61    9.88   10.74    4.35    0.50
    1166  232.72   12.68   13.20    1.65    0.50
    1167  236.23   14.61   12.63    2.38    0.50
    1168  240.08   16.33   11.98    0.23    0.50
    1169  240.65   17.51   12.86    1.90    0.50
    1170  242.27   13.98   12.51    3.12    0.50
    1171  247.46   12.48   11.14    1.06    0.50
    1172  249.54   13.49   10.78    2.46    0.50
    1173  250.68   11.01   11.27    2.14    0.50
    1174  252.93    9.05   10.75    3.03    0.50
    1175  254.00   10.52   10.95    5.01    0.50
    1176  259.33   11.52    9.94    3.16    0.50
    1177  260.28   10.88   10.27    6.65    0.50
    1178  269.98    8.54    6.56    5.64    0.50
    1179  268.12    9.66    8.54    2.95    0.50
    1180  267.78   11.07    9.78    3.75    0.50
    1181  268.68   11.55   10.36    6.39    0.50
    1182  267.63   12.84   11.48    4.07    0.50
    1183  267.35   15.45   13.21    3.21    0.50
    1184  270.68   16.65   12.63    2.30    0.50
    1185  274.48   12.76   11.14    3.71    0.50
    1186  277.87   12.23   10.87    2.95    0.50
    1187  280.02   15.11   10.81    3.61    0.50
    1188  282.22   17.42   10.73    2.62    0.50
    1189  289.60   18.98    8.92    2.16    0.50
    1190  291.42   18.85    9.55    0.94    0.50
    1191  288.50   18.54   11.10    1.71    0.50
    1192  286.90   18.10   11.75    2.62    0.50
    1193  283.88   13.58   13.89    5.99    0.50
    1194  283.51   13.19   14.86    5.19    0.50
    1195  283.05   15.77   16.15    7.64    0.50
    1196  289.83   14.01   13.50    6.87    0.50
    1197  301.81   11.93    8.91    7.12    0.50
    1198  301.96   12.10    9.58    3.88    0.50
    1199  301.29   12.61   10.84    2.95    0.50
    1200  305.71   14.52    9.86    2.37    0.50
    1201  308.42   16.06    9.60    0.60    0.50
    1202  304.85   16.18   11.83    3.20    0.50
    1203  301.96   14.20   13.61    6.46    0.50
    1204  306.86   13.56   11.75    7.90    0.50
    1205  306.53   12.74   12.58    7.54    0.50
    1206  311.88   11.09   10.81    5.98    0.50
    1207  313.10   12.52   11.11    4.29    0.50
    1208  313.54   13.96   12.07    2.19    0.50
    1209  309.93   17.05   14.48    2.11    0.50
    1210  311.64   20.10   14.67    3.09    0.50
    1211  315.84   22.99   13.17    2.82    0.50
    1212  320.00   22.67   12.75    0.95    0.50
    1213  318.27   21.83   14.08    2.43    0.50
    1214  324.94   16.37   11.15    5.26    0.50
    1215  325.42   14.29   11.08    4.28    0.50
    1216  326.92   14.30   11.18    3.38    0.45
    1217  332.68   15.29    9.27    1.85    0.45
    1218  329.26   18.41   11.38    1.13    0.45
    1219  325.02   20.60   13.99    1.61    0.45
    1220  321.38   19.62   16.50    2.07    0.45
    1221  325.54   21.08   15.56    2.37    0.45
    1222  331.79   22.44   13.87    2.09    0.45
    1223  333.14   20.81   13.32    2.67    0.45
    1224  327.77   17.41   15.51    3.87    0.45
    1225  336.52   13.59   11.71    5.73    0.45
    1226  337.02   13.92   11.66    7.74    0.45
    1227  334.43   16.28   13.61    7.34    0.45
    1228  332.07   15.70   14.58    4.23    0.45
    1229  333.92   16.82   14.55    3.37    0.45
    1230  335.79   16.04   13.93    3.65    0.45
    1231  334.77   14.64   14.85    2.05    0.45
    1232  338.34   16.44   14.01    2.45    0.45
    1233  341.99   15.60   12.61    5.42    0.45
    1234  341.61   14.62   12.79    6.46    0.45
    1235  342.09   16.44   13.10    4.61    0.45
    1236  337.12   16.14   15.09    3.46    0.45
    1237  340.00   17.16   14.87    3.81    0.45
    1238  339.65   16.21   15.39    2.94    0.45
    1239  337.20   16.05   16.69    3.73    0.45
    1240  346.91   14.59   13.07    3.89    0.45
    1241  349.55   13.38   12.46    1.96    0.45
    1242  349.40   13.82   12.79    3.29    0.45
    1243  347.14   14.80   13.79    4.51    0.45
    1244  348.77   15.28   13.49    4.53    0.45
    1245  345.41   17.18   15.34    3.39    0.45
    1246  349.23   15.09   14.10    2.08    0.45
    1247  350.96   15.65   13.72    3.48    0.40
    1248  348.88   16.81   14.25    4.55    0.40
    1249  351.31   16.80   13.45    5.75    0.40
    1250  351.67   17.89   14.09    3.44    0.40
    1251  350.14   19.44   14.89    4.43    0.40
    1252  354.06   18.92   13.37    5.74    0.40
    1253  354.03   23.49   14.20    2.51    0.40
    1254  360.36   22.89   12.54    5.14    0.40
    1255  357.77   21.52   13.17    4.85    0.40
    1256  349.38   21.48   15.78    0.29    0.40
    1257  347.61   23.39   16.87    1.55    0.40
    1258  353.29   24.62   15.95    5.08    0.40
    1259  357.30   26.12   14.34    2.41    0.40
    1260  363.51   25.26   12.31    3.87    0.40
    1261  352.55   21.93   14.90    4.40    0.40
    1262  348.49   19.16   16.69    4.50    0.40
    1263  352.64   20.34   15.81    2.35    0.40
    1264  358.87   23.78   13.88    1.88    0.40
    1265  362.76   24.70   12.76    2.26    0.40
    1266  349.97   26.66   17.58    0.89    0.40
    1267  348.82   27.03   16.97    2.01    0.40
    1268  347.49   27.03   18.57    1.73    0.40
    1269  344.13   23.59   18.62    3.97    0.40
    1270  349.55   22.72   17.60    3.90    0.40
    1271  352.47   27.17   16.98    1.75    0.40
    1272  350.59   28.40   17.82    1.74    0.40
    1273  353.18   29.45   17.27    2.50    0.40
    1274  343.73   28.78   19.71    3.23    0.40
    1275  341.36   27.71   20.90    2.98    0.40
    1276  348.20   26.90   18.42    3.70    0.40
    1277  355.52   25.75   15.45    4.08    0.20
    1278  350.85   21.53   15.83    5.31    0.20
    1279  356.84   21.01   13.23    5.47    0.20
    1280  350.84   22.93   15.83    3.51    0.20
    1281  341.90   23.60   19.34    4.40    0.20
    1282  356.16   20.87   13.09    6.29    0.20
    1283  357.01   20.90   12.68    6.01    0.20
    1284  354.61   23.89   14.03    3.03    0.20
    1285  349.17   24.40   16.31    3.21    0.20
    1286  345.87   23.45   17.28    4.52    0.20
    1287  338.13   22.07   18.98    4.55    0.20
    1288  348.55   20.87   14.89    6.37    0.20
    1289  348.85   23.14   15.17    3.64    0.20
    1290  343.46   24.93   16.51    0.67    0.20
    1291  346.15   26.83   17.81    1.18    0.20
    1292  341.05   27.11   18.36    0.86    0.20
    1293  338.53   29.01   18.85    0.70    0.20
    1294  333.60   29.62   21.50    1.24    0.20
    1295  327.36   28.56   22.19    4.24    0.20
    1296  327.66   24.75   22.75    2.65    0.20
    1297  327.77   26.08   21.69    1.69    0.20
    1298  326.93   27.64   21.70    2.71    0.20
    1299  330.46   26.15   19.52    2.95    0.20
    1300  336.33   22.31   16.28    4.50    0.20
    1301  326.90   21.55   19.73    3.01    0.20
    1302  325.94   23.08   20.15    3.49    0.20
    1303  327.44   22.93   19.02    4.37    0.20
    1304  331.72   22.98   17.90    4.84    0.20
    1305  337.11   22.49   15.22    3.81    0.20
    1306  331.46   22.81   16.87    3.97    0.20
    1307  322.62   23.69   20.17    4.04    0.20
    1308  330.04   24.08   16.89    6.08    0.20
    1309  328.30   27.27   17.89    3.42    0.20
    1310  327.47   29.28   18.11    1.28    0.20
    1311  326.73   29.77   19.35    1.48    0.20
    1312  320.03   28.89   21.46    1.98    0.20
    1313  327.10   26.16   16.55    3.81    0.20
    1314  322.51   22.73   17.16    5.42    0.20
    1315  322.71   23.90   16.81    3.40    0.20
    1316  320.37   26.39   18.05    1.35    0.20
    1317  318.98   25.22   18.24    3.57    0.20
    1318  309.76   22.48   20.19    4.28    0.20
    1319  311.79   23.47   19.02    3.77    0.20
    1320  325.89   22.94   12.73    5.51    0.20
    1321  324.09   21.10   12.73    5.68    0.20
    1322  322.17   22.27   12.94    4.10    0.20
    1323  310.19   21.03   16.69    3.57    0.20
    1324  307.67   21.63   18.19    3.10    0.20
    1325  308.61   21.91   16.92    4.14    0.20
    1326  313.09   22.03   14.55    5.74    0.20
    1327  309.73   23.09   15.61    3.21    0.20
    1328  307.40   24.57   16.26    2.94    0.20
    1329  300.78   22.90   18.39    4.63    0.20
    1330  302.67   23.83   16.98    3.53    0.20
    1331  303.66   23.82   16.30    3.28    0.20
    1332  297.16   23.26   18.40    2.57    0.20
    1333  295.03   24.21   18.42    2.62    0.20
    1334  291.49   24.30   18.97    2.15    0.20
    1335  285.62   25.79   20.69    2.16    0.20
    1336  284.05   23.16   20.82    2.16    0.20
    1337  287.54   19.48   18.07    2.36    0.20
    1338  286.12   20.71   18.10    2.94    0.20
    1339  287.24   21.98   17.00    2.79    0.40
    1340  289.80   20.65   14.96    3.18    0.40
    1341  287.27   19.19   15.69    2.31    0.40
    1342  279.62   18.56   17.54    2.14    0.40
    1343  278.70   18.23   17.25    4.76    0.40
    1344  274.96   20.13   18.75    2.79    0.40
    1345  283.02   19.93   14.23    1.47    0.40
    1346  285.67   21.28   12.68    0.75    0.40
    1347  273.67   22.93   16.64    2.24    0.40
    1348  267.66   23.34   19.59    3.02    0.40
    1349  271.76   20.07   15.80    6.31    0.40
    1350  281.77   19.18   10.29    7.26    0.40
    1351  279.44   20.00   10.89    4.84    0.40
    1352  277.57   21.35   11.28    3.72    0.40
    1353  273.23   22.96   12.38    1.77    0.40
    1354  262.64   20.67   14.77    2.69    0.40
    1355  260.13   20.16   15.59    0.76    0.40
    1356  258.78   20.17   15.97    1.78    0.40
    1357  256.00   22.08   16.75    0.13    0.40
    1358  248.05   23.22   19.21    1.92    0.40
    1359  245.84   20.51   21.03    1.09    0.40
    1360  248.14   18.33   17.66    0.72    0.40
    1361  244.11   19.65   19.06    0.60    0.40
    1362  243.71   18.44   18.30    2.06    0.40
    1363  243.73   18.56   17.90    0.23    0.40
    1364  239.27   18.87   18.31    0.89    0.40
    1365  238.37   17.70   17.47    2.50    0.40
    1366  236.35   16.41   17.07    4.94    0.40
    1367  235.20   18.06   17.22    3.28    0.40
    1368  236.52   19.23   15.20    0.96    0.40
    1369  236.43   19.04   14.25    0.48    0.40
    1370  234.32   16.54   14.52    2.58    0.40
    1371  237.24   15.73   11.25    4.93    0.40
    1372  233.95   16.03   11.68    2.38    0.40
    1373  228.22   17.73   14.48    0.68    0.40
    1374  231.50   17.43   11.50    0.92    0.40
    1375  220.20   16.06   16.62    1.86    0.40
    1376  221.33   15.95   14.64    5.34    0.40
    1377  223.60   15.26   11.81    6.13    0.40
    1378  217.34   18.58   14.63    6.91    0.40
    1379  209.22   19.24   18.52    3.26    0.40
    1380  209.91   16.29   16.72    1.63    0.40
    1381  210.26   15.57   15.44    1.74    0.40
    1382  208.11   17.18   15.98    2.77    0.40
    1383  205.15   18.21   16.55    0.37    0.40
    1384  203.60   17.10   16.01    2.77    0.40
    1385  200.24   15.47   16.82    1.43    0.40
    1386  199.70   15.72   16.14    1.32    0.40
    1387  198.54   15.21   15.04    0.98    0.40
    1388  195.92   17.19   15.90    2.01    0.40
    1389  195.17   16.97   15.63    1.65    0.40
    1390  196.48   13.12   12.66    6.72    0.40
    1391  193.69   14.56   13.22    4.89    0.40
    1392  192.85   14.91   12.84    3.67    0.40
    1393  190.69   14.94   12.82    5.17    0.40
    1394  187.64   16.24   13.79    5.22    0.40
    1395  185.61   16.20   14.05    2.98    0.40
    1396  188.38   12.50   10.11    7.54    0.40
    1397  189.31    9.60    8.29    4.40    0.40
    1398  182.25   10.39   11.79    4.13    0.40
    1399  179.48   12.19   12.69    2.98    0.40
    1400  181.14    7.74   10.00    1.31    0.45
    1401  179.93    9.17    9.49    2.20    0.45
    1402  178.84    9.40    9.11    2.84    0.45
    1403  174.29   10.04   11.39    1.98    0.45
    1404  171.06   11.64   12.16    3.77    0.45
    1405  171.57    9.32   10.38    0.54    0.45
    1406  168.34   10.59   11.99    1.10    0.45
    1407  166.57   10.57   11.97    3.06    0.45
    1408  166.34   10.56   10.92    4.12    0.45
    1409  164.97   12.69   10.96    1.11    0.45
    1410  162.55   13.01   11.51    0.63    0.45
    1411  162.62   10.43    9.94    3.73    0.45
    1412  161.45    9.26    9.38    2.96    0.45
    1413  161.43    8.90    8.20    3.47    0.45
    1414  160.43    8.77    7.79    4.08    0.45
    1415  159.30    8.92    7.66    3.72    0.45
    1416  157.11    9.48    8.27    3.49    0.45
    1417  155.37    9.58    8.47    2.93    0.45
    1418  153.08    9.50    9.04    5.95    0.45
    1419  151.35    9.07    9.31    5.41    0.45
    1420  150.18    9.40    9.31    4.55    0.45
    1421  148.65    9.83    9.70    3.98    0.45
    1422  147.30   10.01    9.71    3.98    0.45
    1423  144.88    9.89   10.58    5.47    0.45
    1424  146.59    7.26    8.18    3.45    0.45
    1425  147.89    5.01    5.86    5.87    0.45
    1426  146.16    4.93    6.31    4.67    0.45
    1427  143.42    6.24    7.99    3.83    0.45
    1428  141.08    7.79    8.88    6.01    0.45
    1429  140.83    5.93    8.30    3.00    0.45
    1430  140.92    4.32    7.33    2.79    0.50
    1431  140.94    4.04    6.46    2.72    0.50
    1432  137.24    6.18    9.05    2.67    0.50
    1433  133.67    9.65   11.94    2.15    0.50
    1434  130.95   12.13   14.08    3.40    0.50
    1435  131.14   11.27   13.06    3.22    0.50
    1436  129.38   12.65   14.37    4.92    0.50
    1437  131.20    9.60   11.44    2.15    0.50
    1438  132.71    8.54    9.25    4.71    0.50
    1439  133.85    6.47    7.63    4.01    0.50
    1440  132.70    5.15    8.14    1.16    0.50
    1441  130.87    7.81    9.59    2.75    0.50
    1442  130.12    6.66    9.65    3.54    0.50
    1443  130.48    7.63    8.95    6.76    0.50
    1444  131.82    5.22    7.35    5.51    0.50
    1445  131.29    5.34    7.47    3.01    0.50
    1446  130.26    5.03    8.17    0.62    0.50
    1447  130.61    5.30    7.51    2.68    0.50
    1448  130.34    6.10    7.67    4.41    0.50
    1449  129.81    6.81    8.07    4.68    0.50
    1450  129.66    8.04    8.13    4.25    0.50
    1451  130.00    8.76    7.77    2.36    0.50
    1452  129.72    7.32    7.81    2.53    0.50
    1453  129.91    6.80    7.77    2.90    0.50
    1454  130.32    7.03    7.61    2.73    0.50
    1455  131.17    6.41    6.54    1.39    0.50
    1456  129.71    6.28    7.94    2.65    0.50
    1457  127.70    8.86   10.74    2.73    0.50
    1458  126.16   10.65   12.61    3.31    0.50
    1459  127.37   10.96   11.56    2.54    0.50
    1460  127.63    9.83   11.62    3.55    0.50
    1461  128.01    9.83   11.62    3.55    0.50
